250	1
1140	2
634	3
1964	4
115	5
806	6
11	7
38	8
27	9
41	10
1246	11
2140	12
1213	13
128	14
2571	15
1163	16
782	17
414	18
27	19
2	20
392	21
392	22
332	23
1238	24
899	25
628	26
628	27
420	28
2435	29
520	30
595	31
42	32
182	33
415	34
1	35
1525	36
2078	37
1127	38
1052	39
1	40
206	41
561	42
35	43
403	44
11	45
397	46
348	47
519	48
683	49
622	50
2117	51
622	52
2118	53
372	54
31	55
42	56
158	57
1000	58
1273	59
1475	60
1407	61
26	62
318	63
411	64
1433	65
171	66
16	67
2506	68
2198	69
1176	70
1300	71
29	72
113	73
357	74
585	75
159	76
159	77
159	78
380	79
886	80
887	81
2296	82
1220	83
1217	84
2155	85
759	86
52	87
170	88
935	89
613	90
571	91
313	92
2760	93
27	94
1679	95
12	96
2372	97
2	98
1965	99
592	100
47	101
584	102
17	103
139	104
139	105
461	106
646	107
16	108
488	109
1	110
2653	111
2375	112
952	113
6	114
2489	115
2111	116
130	117
429	118
370	119
370	120
40	121
1978	122
320	123
351	124
351	125
351	126
742	127
952	128
1278	129
2704	130
740	131
228	132
903	133
123	134
123	135
990	136
1	137
538	138
1081	139
2219	140
1896	141
1461	142
244	143
1342	144
814	145
29	146
990	147
870	148
348	149
197	150
822	151
822	152
608	153
95	154
319	155
794	156
655	157
655	158
1	159
1	160
655	161
1	162
220	163
376	164
968	165
211	166
16	167
218	168
50	169
1162	170
119	171
5	172
268	173
1218	174
121	175
40	176
116	177
596	178
241	179
1937	180
1229	181
130	182
2334	183
436	184
736	185
2494	186
5	187
999	188
1685	189
1686	190
14	191
423	192
554	193
11	194
175	195
935	196
130	197
1103	198
96	199
134	200
1079	201
136	202
9	203
1074	204
2039	205
2046	206
270	207
1144	208
2020	209
2559	210
1948	211
23	212
10	213
991	214
1195	215
2735	216
2026	217
484	218
618	219
7	220
2	221
1603	222
166	223
798	224
2007	225
774	226
74	227
774	228
932	229
30	230
222	231
1274	232
1276	233
46	234
78	235
149	236
22	237
46	238
161	239
8	240
30	241
8	242
30	243
928	244
2429	245
30	246
1003	247
511	248
1023	249
140	250
10	251
132	252
70	253
70	254
70	255
92	256
1980	257
844	258
70	259
16	260
362	261
14	262
14	263
143	264
35	265
35	266
132	267
1	268
12	269
1287	270
1287	271
1042	272
1042	273
50	274
928	275
82	276
542	277
41	278
41	279
41	280
88	281
651	282
126	283
156	284
289	285
258	286
516	287
208	288
169	289
42	290
46	291
278	292
34	293
208	294
208	295
15	296
168	297
1936	298
259	299
403	300
215	301
168	302
774	303
168	304
168	305
551	306
30	307
8	308
8	309
1259	310
1	311
496	312
98	313
876	314
156	315
137	316
1781	317
148	318
290	319
215	320
264	321
335	322
8	323
16	324
741	325
137	326
900	327
137	328
335	329
447	330
2	331
386	332
386	333
61	334
2081	335
1	336
611	337
1329	338
64	339
23	340
836	341
773	342
105	343
136	344
267	345
1	346
129	347
850	348
1	349
153	350
153	351
1	352
1	353
2121	354
285	355
285	356
2697	357
961	358
358	359
2504	360
387	361
387	362
180	363
1068	364
2657	365
47	366
15	367
268	368
66	369
936	370
651	371
231	372
74	373
17	374
551	375
74	376
74	377
7	378
121	379
400	380
1011	381
1017	382
517	383
256	384
723	385
618	386
638	387
920	388
1339	389
177	390
9	391
24	392
307	393
1481	394
87	395
122	396
124	397
2658	398
1003	399
1348	400
162	401
139	402
5	403
5	404
102	405
15	406
82	407
615	408
21	409
38	410
2163	411
117	412
213	413
179	414
623	415
937	416
840	417
839	418
127	419
730	420
471	421
848	422
320	423
420	424
1170	425
2054	426
802	427
419	428
2295	429
803	430
1778	431
573	432
419	433
420	434
21	435
2310	436
1	437
795	438
16	439
64	440
64	441
64	442
64	443
680	444
666	445
666	446
278	447
34	448
542	449
26	450
1214	451
439	452
1399	453
581	454
89	455
46	456
46	457
42	458
2106	459
1	460
1	461
1	462
8	463
278	464
34	465
17	466
17	467
1207	468
328	469
22	470
103	471
5	472
1254	473
2016	474
191	475
5	476
99	477
1401	478
231	479
271	480
919	481
1955	482
1814	483
403	484
38	485
2341	486
2741	487
550	488
550	489
99	490
7	491
59	492
1526	493
96	494
230	495
144	496
7	497
1187	498
144	499
62	500
320	501
15	502
5	503
20	504
1244	505
173	506
173	507
469	508
2531	509
28	510
1992	511
1124	512
2692	513
857	514
979	515
800	516
1082	517
33	518
33	519
2071	520
630	521
554	522
780	523
279	524
279	525
279	526
187	527
1777	528
120	529
20	530
1169	531
27	532
60	533
168	534
86	535
356	536
379	537
379	538
2594	539
619	540
2454	541
115	542
118	543
1444	544
203	545
1688	546
2485	547
1578	548
1732	549
1731	550
1734	551
1738	552
2756	553
1580	554
1736	555
1735	556
1796	557
1797	558
1737	559
1689	560
1690	561
1575	562
1691	563
1692	564
1793	565
2135	566
1693	567
1694	568
1695	569
1882	570
1696	571
1697	572
1733	573
1698	574
1699	575
1701	576
1700	577
1852	578
1579	579
1704	580
1702	581
1705	582
1794	583
1706	584
1703	585
1707	586
1708	587
2194	588
1711	589
1881	590
1709	591
1712	592
1880	593
1710	594
1716	595
1713	596
1715	597
1714	598
1576	599
2240	600
2174	601
1883	602
1717	603
1718	604
2711	605
1720	606
2400	607
1721	608
1722	609
2113	610
1723	611
2134	612
1724	613
1795	614
1725	615
2004	616
1726	617
1727	618
1728	619
2029	620
1901	621
1729	622
1730	623
1598	624
1628	625
2011	626
2412	627
745	628
5	629
426	630
432	631
560	632
920	633
650	634
874	635
987	636
2712	637
2575	638
422	639
883	640
1362	641
1209	642
835	643
450	644
2166	645
2701	646
313	647
973	648
924	649
835	650
65	651
857	652
2730	653
573	654
323	655
231	656
563	657
1879	658
11	659
11	660
11	661
11	662
2749	663
1330	664
293	665
553	666
553	667
32	668
552	669
514	670
309	671
309	672
890	673
890	674
771	675
749	676
136	677
144	678
11	679
75	680
75	681
75	682
1045	683
685	684
672	685
672	686
672	687
672	688
396	689
1450	690
408	691
69	692
147	693
185	694
59	695
11	696
1150	697
2383	698
2152	699
1569	700
5	701
98	702
71	703
91	704
5	705
946	706
1	707
1	708
15	709
47	710
329	711
5	712
13	713
798	714
7	715
537	716
416	717
112	718
62	719
395	720
262	721
396	722
1089	723
345	724
6	725
479	726
2726	727
360	728
126	729
46	730
921	731
921	732
20	733
20	734
229	735
20	736
253	737
1324	738
16	739
1057	740
680	741
278	742
34	743
97	744
227	745
751	746
35	747
93	748
22	749
2245	750
100	751
108	752
46	753
231	754
811	755
83	756
5	757
13	758
2579	759
514	760
9	761
7	762
416	763
364	764
731	765
61	766
1447	767
361	768
196	769
227	770
1123	771
103	772
1	773
9	774
8	775
2516	776
523	777
1388	778
347	779
42	780
99	781
183	782
108	783
574	784
52	785
41	786
1493	787
2049	788
1146	789
122	790
68	791
18	792
577	793
204	794
54	795
845	796
845	797
414	798
1115	799
1115	800
56	801
2501	802
16	803
2387	804
314	805
314	806
314	807
2	808
166	809
1	810
5	811
361	812
27	813
286	814
1311	815
547	816
1133	817
117	818
651	819
127	820
99	821
213	822
27	823
59	824
167	825
147	826
2618	827
86	828
70	829
148	830
65	831
1	832
1	833
16	834
1	835
65	836
494	837
246	838
263	839
46	840
551	841
403	842
773	843
15	844
2374	845
2338	846
748	847
51	848
4	849
111	850
4	851
179	852
39	853
100	854
1250	855
2270	856
322	857
225	858
1872	859
1517	860
1517	861
2740	862
1800	863
1799	864
1740	865
1739	866
1581	867
1741	868
1742	869
1743	870
2715	871
2212	872
2754	873
15	874
817	875
1181	876
1798	877
87	878
313	879
57	880
32	881
12	882
12	883
22	884
644	885
31	886
9	887
488	888
108	889
1	890
2	891
565	892
18	893
1551	894
1061	895
1061	896
1924	897
7	898
1556	899
42	900
442	901
1071	902
63	903
726	904
37	905
724	906
144	907
1153	908
11	909
2	910
19	911
967	912
240	913
28	914
604	915
219	916
170	917
186	918
27	919
9	920
5	921
5	922
264	923
1138	924
15	925
989	926
147	927
7	928
1142	929
863	930
780	931
551	932
770	933
552	934
66	935
186	936
59	937
121	938
563	939
144	940
519	941
1802	942
20	943
20	944
1134	945
1222	946
18	947
15	948
516	949
7	950
472	951
1911	952
4	953
472	954
926	955
739	956
15	957
481	958
10	959
716	960
1091	961
889	962
889	963
788	964
1950	965
214	966
575	967
50	968
21	969
20	970
7	971
14	972
42	973
42	974
877	975
268	976
47	977
225	978
225	979
611	980
47	981
288	982
118	983
263	984
27	985
27	986
99	987
38	988
38	989
118	990
117	991
70	992
148	993
598	994
167	995
35	996
35	997
28	998
204	999
1268	1000
97	1001
2605	1002
10	1003
25	1004
53	1005
266	1006
669	1007
49	1008
434	1009
161	1010
70	1011
749	1012
1135	1013
258	1014
550	1015
1138	1016
28	1017
345	1018
325	1019
35	1020
1206	1021
1234	1022
94	1023
652	1024
445	1025
1070	1026
2092	1027
824	1028
2058	1029
57	1030
4	1031
177	1032
3	1033
289	1034
49	1035
187	1036
2279	1037
2	1038
310	1039
28	1040
16	1041
258	1042
1558	1043
323	1044
323	1045
837	1046
837	1047
837	1048
289	1049
174	1050
19	1051
131	1052
178	1053
115	1054
2136	1055
1123	1056
424	1057
2527	1058
449	1059
56	1060
18	1061
265	1062
46	1063
2543	1064
705	1065
582	1066
707	1067
23	1068
32	1069
143	1070
38	1071
58	1072
114	1073
1261	1074
10	1075
426	1076
168	1077
164	1078
1201	1079
90	1080
16	1081
431	1082
835	1083
695	1084
38	1085
125	1086
2231	1087
81	1088
232	1089
419	1090
2353	1091
1546	1092
282	1093
165	1094
165	1095
275	1096
2232	1097
29	1098
2462	1099
22	1100
1171	1101
198	1102
2386	1103
2033	1104
50	1105
50	1106
1894	1107
121	1108
2401	1109
1601	1110
564	1111
271	1112
271	1113
211	1114
9	1115
57	1116
882	1117
882	1118
574	1119
317	1120
325	1121
2	1122
263	1123
49	1124
2492	1125
732	1126
732	1127
227	1128
5	1129
763	1130
57	1131
2	1132
1072	1133
49	1134
535	1135
60	1136
2	1137
45	1138
277	1139
298	1140
576	1141
7	1142
70	1143
151	1144
151	1145
117	1146
27	1147
567	1148
26	1149
2	1150
1118	1151
108	1152
14	1153
1188	1154
25	1155
126	1156
76	1157
2686	1158
401	1159
11	1160
1114	1161
3	1162
704	1163
786	1164
70	1165
6	1166
794	1167
25	1168
573	1169
573	1170
258	1171
582	1172
511	1173
331	1174
368	1175
114	1176
5	1177
541	1178
2297	1179
270	1180
77	1181
275	1182
139	1183
1301	1184
1161	1185
324	1186
766	1187
723	1188
2128	1189
151	1190
954	1191
148	1192
4	1193
766	1194
931	1195
77	1196
99	1197
21	1198
7	1199
27	1200
20	1201
968	1202
1016	1203
399	1204
2444	1205
2355	1206
4	1207
134	1208
796	1209
89	1210
114	1211
149	1212
494	1213
3	1214
1369	1215
419	1216
157	1217
157	1218
157	1219
560	1220
16	1221
1131	1222
601	1223
187	1224
1156	1225
84	1226
210	1227
60	1228
117	1229
410	1230
2	1231
187	1232
37	1233
37	1234
34	1235
435	1236
137	1237
1307	1238
474	1239
176	1240
1364	1241
57	1242
2017	1243
788	1244
96	1245
390	1246
669	1247
48	1248
91	1249
37	1250
746	1251
1165	1252
89	1253
204	1254
48	1255
10	1256
212	1257
1808	1258
66	1259
23	1260
54	1261
54	1262
206	1263
101	1264
216	1265
108	1266
211	1267
115	1268
2470	1269
124	1270
1132	1271
1102	1272
2	1273
10	1274
1347	1275
11	1276
238	1277
3	1278
3	1279
48	1280
923	1281
466	1282
462	1283
290	1284
115	1285
28	1286
35	1287
10	1288
58	1289
88	1290
73	1291
110	1292
2	1293
95	1294
761	1295
27	1296
10	1297
180	1298
1673	1299
1785	1300
1118	1301
111	1302
152	1303
182	1304
36	1305
253	1306
1	1307
420	1308
586	1309
22	1310
754	1311
23	1312
1121	1313
592	1314
1577	1315
2381	1316
147	1317
38	1318
38	1319
59	1320
189	1321
212	1322
1744	1323
319	1324
319	1325
319	1326
209	1327
1395	1328
4	1329
1135	1330
9	1331
23	1332
2187	1333
919	1334
173	1335
69	1336
84	1337
298	1338
43	1339
23	1340
146	1341
1361	1342
503	1343
193	1344
251	1345
25	1346
332	1347
206	1348
2599	1349
32	1350
215	1351
775	1352
189	1353
567	1354
393	1355
103	1356
51	1357
34	1358
739	1359
18	1360
68	1361
267	1362
20	1363
921	1364
68	1365
333	1366
68	1367
9	1368
11	1369
11	1370
11	1371
11	1372
264	1373
81	1374
26	1375
2491	1376
63	1377
1056	1378
1676	1379
603	1380
9	1381
379	1382
1456	1383
720	1384
110	1385
141	1386
26	1387
13	1388
8	1389
152	1390
476	1391
243	1392
989	1393
1	1394
1216	1395
201	1396
401	1397
54	1398
16	1399
176	1400
587	1401
2	1402
166	1403
104	1404
2261	1405
1932	1406
2063	1407
178	1408
98	1409
21	1410
312	1411
474	1412
99	1413
392	1414
106	1415
109	1416
25	1417
605	1418
1321	1419
35	1420
210	1421
64	1422
1918	1423
86	1424
23	1425
115	1426
1168	1427
120	1428
118	1429
35	1430
11	1431
825	1432
2101	1433
27	1434
114	1435
646	1436
1622	1437
197	1438
56	1439
1023	1440
16	1441
37	1442
1068	1443
2354	1444
180	1445
124	1446
124	1447
124	1448
1032	1449
9	1450
1806	1451
582	1452
49	1453
2	1454
906	1455
2674	1456
11	1457
3	1458
321	1459
395	1460
395	1461
60	1462
861	1463
277	1464
1	1465
23	1466
2499	1467
447	1468
219	1469
223	1470
11	1471
223	1472
263	1473
31	1474
897	1475
1216	1476
261	1477
261	1478
91	1479
13	1480
658	1481
1032	1482
13	1483
2233	1484
60	1485
167	1486
218	1487
147	1488
87	1489
97	1490
22	1491
58	1492
166	1493
166	1494
757	1495
169	1496
2544	1497
1897	1498
248	1499
474	1500
35	1501
38	1502
11	1503
186	1504
38	1505
22	1506
9	1507
437	1508
53	1509
14	1510
7	1511
2710	1512
33	1513
31	1514
98	1515
107	1516
107	1517
1233	1518
274	1519
50	1520
1112	1521
741	1522
218	1523
5	1524
1	1525
2	1526
131	1527
28	1528
2	1529
5	1530
10	1531
110	1532
248	1533
947	1534
20	1535
3	1536
2189	1537
94	1538
639	1539
16	1540
10	1541
1328	1542
93	1543
70	1544
10	1545
9	1546
6	1547
57	1548
19	1549
9	1550
178	1551
2	1552
28	1553
6	1554
777	1555
793	1556
99	1557
1391	1558
516	1559
1977	1560
10	1561
1311	1562
131	1563
118	1564
827	1565
165	1566
227	1567
248	1568
32	1569
267	1570
6	1571
119	1572
536	1573
771	1574
1971	1575
2523	1576
1054	1577
2507	1578
24	1579
189	1580
641	1581
1179	1582
1148	1583
419	1584
930	1585
375	1586
575	1587
31	1588
552	1589
23	1590
625	1591
28	1592
2481	1593
474	1594
10	1595
2703	1596
218	1597
2181	1598
20	1599
192	1600
253	1601
781	1602
15	1603
223	1604
125	1605
49	1606
2056	1607
47	1608
2546	1609
580	1610
1232	1611
913	1612
5	1613
2427	1614
1396	1615
217	1616
1253	1617
56	1618
745	1619
164	1620
643	1621
118	1622
20	1623
869	1624
759	1625
1167	1626
63	1627
2425	1628
41	1629
2025	1630
488	1631
12	1632
2615	1633
783	1634
219	1635
6	1636
2465	1637
748	1638
7	1639
1618	1640
392	1641
38	1642
93	1643
38	1644
333	1645
334	1646
447	1647
447	1648
176	1649
862	1650
214	1651
277	1652
2314	1653
931	1654
64	1655
16	1656
29	1657
293	1658
42	1659
338	1660
862	1661
426	1662
17	1663
12	1664
112	1665
1582	1666
23	1667
831	1668
1524	1669
236	1670
1458	1671
991	1672
952	1673
184	1674
518	1675
2643	1676
196	1677
280	1678
69	1679
671	1680
1026	1681
720	1682
715	1683
153	1684
2275	1685
200	1686
701	1687
904	1688
303	1689
145	1690
175	1691
61	1692
1164	1693
316	1694
722	1695
384	1696
917	1697
68	1698
623	1699
439	1700
67	1701
6	1702
1954	1703
1202	1704
506	1705
506	1706
211	1707
45	1708
291	1709
531	1710
35	1711
451	1712
22	1713
74	1714
74	1715
1596	1716
4	1717
509	1718
869	1719
467	1720
107	1721
358	1722
358	1723
22	1724
1208	1725
100	1726
20	1727
268	1728
7	1729
7	1730
7	1731
253	1732
9	1733
135	1734
146	1735
146	1736
146	1737
100	1738
1285	1739
540	1740
19	1741
269	1742
1335	1743
32	1744
306	1745
82	1746
226	1747
75	1748
226	1749
816	1750
2091	1751
1053	1752
317	1753
1172	1754
37	1755
224	1756
2539	1757
644	1758
1054	1759
334	1760
146	1761
470	1762
629	1763
867	1764
30	1765
8	1766
990	1767
2259	1768
2268	1769
2096	1770
33	1771
1746	1772
19	1773
139	1774
96	1775
1900	1776
8	1777
1119	1778
275	1779
1371	1780
399	1781
478	1782
1097	1783
1102	1784
10	1785
546	1786
54	1787
33	1788
2116	1789
48	1790
33	1791
2408	1792
275	1793
2145	1794
2484	1795
2731	1796
276	1797
1529	1798
9	1799
437	1800
24	1801
24	1802
199	1803
199	1804
199	1805
199	1806
627	1807
158	1808
158	1809
158	1810
1512	1811
681	1812
12	1813
440	1814
371	1815
371	1816
922	1817
104	1818
116	1819
64	1820
40	1821
119	1822
6	1823
6	1824
55	1825
88	1826
30	1827
75	1828
53	1829
105	1830
55	1831
208	1832
6	1833
29	1834
194	1835
194	1836
2	1837
78	1838
82	1839
17	1840
185	1841
140	1842
325	1843
325	1844
206	1845
67	1846
63	1847
102	1848
2286	1849
699	1850
681	1851
1449	1852
881	1853
244	1854
224	1855
19	1856
311	1857
1437	1858
2262	1859
25	1860
50	1861
693	1862
438	1863
881	1864
17	1865
26	1866
367	1867
497	1868
529	1869
529	1870
926	1871
306	1872
7	1873
684	1874
684	1875
684	1876
1314	1877
77	1878
343	1879
1597	1880
2442	1881
789	1882
789	1883
676	1884
738	1885
26	1886
224	1887
920	1888
312	1889
25	1890
51	1891
51	1892
220	1893
6	1894
136	1895
2505	1896
6	1897
363	1898
47	1899
47	1900
65	1901
65	1902
584	1903
605	1904
274	1905
346	1906
17	1907
2153	1908
3	1909
11	1910
255	1911
6	1912
27	1913
57	1914
838	1915
256	1916
557	1917
6	1918
55	1919
5	1920
5	1921
25	1922
31	1923
31	1924
62	1925
1623	1926
192	1927
917	1928
5	1929
40	1930
1873	1931
23	1932
62	1933
221	1934
51	1935
32	1936
32	1937
122	1938
547	1939
391	1940
747	1941
1909	1942
133	1943
68	1944
27	1945
63	1946
928	1947
53	1948
53	1949
148	1950
1053	1951
14	1952
147	1953
27	1954
494	1955
25	1956
63	1957
1923	1958
212	1959
482	1960
125	1961
14	1962
381	1963
978	1964
27	1965
770	1966
65	1967
11	1968
6	1969
472	1970
82	1971
1320	1972
152	1973
172	1974
873	1975
335	1976
6	1977
5	1978
73	1979
31	1980
79	1981
31	1982
32	1983
1848	1984
9	1985
72	1986
15	1987
1285	1988
244	1989
1397	1990
638	1991
562	1992
25	1993
120	1994
267	1995
1927	1996
100	1997
658	1998
401	1999
988	2000
892	2001
205	2002
358	2003
73	2004
4	2005
120	2006
34	2007
408	2008
133	2009
586	2010
1051	2011
1375	2012
643	2013
182	2014
29	2015
972	2016
972	2017
310	2018
2258	2019
1240	2020
2151	2021
218	2022
151	2023
20	2024
35	2025
17	2026
73	2027
8	2028
1076	2029
53	2030
171	2031
578	2032
884	2033
385	2034
568	2035
18	2036
18	2037
1931	2038
607	2039
860	2040
821	2041
131	2042
247	2043
12	2044
492	2045
56	2046
17	2047
1456	2048
198	2049
2664	2050
2603	2051
1876	2052
12	2053
54	2054
104	2055
2089	2056
710	2057
1137	2058
516	2059
1391	2060
2761	2061
183	2062
1371	2063
729	2064
452	2065
2024	2066
1419	2067
164	2068
164	2069
219	2070
528	2071
528	2072
293	2073
598	2074
1028	2075
670	2076
165	2077
22	2078
409	2079
1044	2080
120	2081
1129	2082
398	2083
2	2084
1326	2085
2	2086
2651	2087
950	2088
245	2089
694	2090
1554	2091
1080	2092
630	2093
104	2094
118	2095
452	2096
260	2097
2648	2098
217	2099
217	2100
1091	2101
1840	2102
677	2103
77	2104
2224	2105
992	2106
699	2107
1534	2108
485	2109
181	2110
534	2111
725	2112
1463	2113
69	2114
1004	2115
1326	2116
1069	2117
713	2118
713	2119
473	2120
1916	2121
192	2122
154	2123
200	2124
194	2125
1780	2126
19	2127
1067	2128
150	2129
970	2130
970	2131
2640	2132
56	2133
1127	2134
1063	2135
99	2136
287	2137
1011	2138
201	2139
201	2140
96	2141
1023	2142
67	2143
1084	2144
301	2145
451	2146
1317	2147
223	2148
916	2149
1153	2150
2616	2151
2070	2152
1817	2153
1008	2154
2	2155
1998	2156
242	2157
1099	2158
2508	2159
597	2160
597	2161
1379	2162
226	2163
277	2164
1767	2165
77	2166
250	2167
831	2168
2306	2169
1191	2170
1173	2171
1173	2172
2669	2173
1970	2174
1815	2175
667	2176
377	2177
342	2178
296	2179
296	2180
14	2181
230	2182
877	2183
924	2184
14	2185
283	2186
283	2187
283	2188
31	2189
1491	2190
1333	2191
277	2192
793	2193
135	2194
552	2195
7	2196
1833	2197
167	2198
9	2199
2043	2200
2	2201
955	2202
106	2203
62	2204
2	2205
4	2206
536	2207
124	2208
218	2209
2	2210
151	2211
400	2212
400	2213
572	2214
308	2215
974	2216
1142	2217
187	2218
197	2219
1103	2220
123	2221
299	2222
1385	2223
123	2224
112	2225
80	2226
364	2227
114	2228
1439	2229
715	2230
1296	2231
425	2232
425	2233
250	2234
2321	2235
250	2236
2222	2237
252	2238
95	2239
881	2240
489	2241
1520	2242
579	2243
1	2244
1	2245
292	2246
14	2247
33	2248
41	2249
50	2250
469	2251
553	2252
83	2253
768	2254
414	2255
125	2256
208	2257
46	2258
1137	2259
1850	2260
778	2261
778	2262
106	2263
324	2264
12	2265
960	2266
2733	2267
121	2268
1186	2269
221	2270
402	2271
600	2272
560	2273
2052	2274
803	2275
2034	2276
231	2277
1169	2278
102	2279
50	2280
2377	2281
102	2282
1275	2283
102	2284
105	2285
1563	2286
1946	2287
563	2288
2031	2289
537	2290
1177	2291
2714	2292
720	2293
798	2294
803	2295
563	2296
402	2297
47	2298
47	2299
1199	2300
47	2301
1343	2302
2743	2303
880	2304
25	2305
34	2306
219	2307
21	2308
15	2309
15	2310
15	2311
23	2312
22	2313
49	2314
294	2315
294	2316
294	2317
294	2318
11	2319
898	2320
12	2321
9	2322
42	2323
9	2324
946	2325
9	2326
592	2327
251	2328
3	2329
2158	2330
1186	2331
1818	2332
802	2333
111	2334
111	2335
753	2336
21	2337
1074	2338
580	2339
1288	2340
1826	2341
122	2342
1	2343
1027	2344
65	2345
65	2346
28	2347
81	2348
1056	2349
31	2350
5	2351
5	2352
5	2353
12	2354
4	2355
68	2356
936	2357
402	2358
402	2359
1368	2360
2285	2361
31	2362
7	2363
1604	2364
17	2365
564	2366
600	2367
26	2368
49	2369
58	2370
779	2371
675	2372
12	2373
12	2374
940	2375
11	2376
422	2377
63	2378
412	2379
793	2380
11	2381
557	2382
936	2383
16	2384
264	2385
83	2386
2243	2387
46	2388
65	2389
65	2390
40	2391
274	2392
629	2393
196	2394
196	2395
196	2396
196	2397
475	2398
34	2399
394	2400
1064	2401
85	2402
46	2403
8	2404
62	2405
572	2406
72	2407
765	2408
138	2409
172	2410
2027	2411
57	2412
2611	2413
2114	2414
1943	2415
1540	2416
1024	2417
31	2418
150	2419
82	2420
5	2421
585	2422
205	2423
1999	2424
2	2425
1036	2426
326	2427
2	2428
1662	2429
4	2430
12	2431
471	2432
87	2433
826	2434
815	2435
1056	2436
12	2437
40	2438
12	2439
1	2440
605	2441
298	2442
1136	2443
1394	2444
907	2445
74	2446
74	2447
74	2448
74	2449
74	2450
23	2451
270	2452
1183	2453
170	2454
1277	2455
1277	2456
41	2457
314	2458
314	2459
588	2460
32	2461
49	2462
41	2463
566	2464
38	2465
152	2466
1331	2467
723	2468
1331	2469
429	2470
293	2471
21	2472
1214	2473
314	2474
896	2475
896	2476
635	2477
126	2478
479	2479
177	2480
127	2481
117	2482
479	2483
170	2484
14	2485
42	2486
1293	2487
1	2488
8	2489
246	2490
490	2491
346	2492
611	2493
1	2494
1113	2495
1	2496
847	2497
200	2498
850	2499
49	2500
49	2501
31	2502
32	2503
32	2504
21	2505
2196	2506
740	2507
336	2508
13	2509
1197	2510
1264	2511
32	2512
428	2513
1488	2514
1069	2515
383	2516
1024	2517
299	2518
383	2519
2673	2520
1062	2521
304	2522
304	2523
2676	2524
54	2525
722	2526
722	2527
687	2528
1295	2529
2368	2530
715	2531
653	2532
519	2533
2348	2534
12	2535
457	2536
382	2537
376	2538
237	2539
347	2540
583	2541
805	2542
687	2543
2759	2544
996	2545
583	2546
2346	2547
246	2548
938	2549
246	2550
246	2551
2192	2552
46	2553
1561	2554
8	2555
16	2556
479	2557
1837	2558
1061	2559
10	2560
219	2561
20	2562
321	2563
21	2564
46	2565
1210	2566
1332	2567
17	2568
1223	2569
231	2570
29	2571
111	2572
2	2573
144	2574
64	2575
2391	2576
77	2577
5	2578
48	2579
261	2580
2469	2581
696	2582
161	2583
37	2584
1275	2585
696	2586
696	2587
620	2588
261	2589
1276	2590
2390	2591
853	2592
32	2593
2	2594
994	2595
671	2596
710	2597
566	2598
464	2599
1364	2600
939	2601
16	2602
1913	2603
2426	2604
500	2605
533	2606
1251	2607
74	2608
31	2609
3	2610
58	2611
704	2612
805	2613
458	2614
121	2615
74	2616
74	2617
1416	2618
593	2619
556	2620
2	2621
1654	2622
156	2623
4	2624
17	2625
357	2626
35	2627
1301	2628
635	2629
842	2630
51	2631
358	2632
1366	2633
2169	2634
1219	2635
75	2636
618	2637
973	2638
22	2639
2493	2640
226	2641
727	2642
447	2643
433	2644
433	2645
66	2646
758	2647
42	2648
90	2649
59	2650
93	2651
2476	2652
514	2653
2555	2654
151	2655
181	2656
500	2657
685	2658
148	2659
9	2660
12	2661
13	2662
25	2663
99	2664
122	2665
279	2666
116	2667
185	2668
58	2669
50	2670
1915	2671
576	2672
48	2673
403	2674
339	2675
121	2676
49	2677
103	2678
736	2679
25	2680
3	2681
319	2682
4	2683
396	2684
91	2685
641	2686
89	2687
40	2688
229	2689
1196	2690
216	2691
90	2692
81	2693
72	2694
72	2695
72	2696
72	2697
72	2698
1661	2699
752	2700
5	2701
72	2702
138	2703
1492	2704
948	2705
152	2706
2246	2707
17	2708
94	2709
360	2710
1284	2711
9	2712
421	2713
346	2714
268	2715
98	2716
289	2717
4	2718
598	2719
2652	2720
57	2721
2360	2722
396	2723
129	2724
152	2725
101	2726
2416	2727
444	2728
444	2729
62	2730
70	2731
11	2732
1398	2733
644	2734
19	2735
1325	2736
875	2737
34	2738
102	2739
272	2740
445	2741
19	2742
615	2743
267	2744
7	2745
108	2746
224	2747
22	2748
625	2749
1543	2750
317	2751
76	2752
51	2753
110	2754
39	2755
192	2756
110	2757
53	2758
1491	2759
73	2760
59	2761
7	2762
1295	2763
156	2764
19	2765
29	2766
577	2767
119	2768
397	2769
527	2770
19	2771
312	2772
9	2773
11	2774
116	2775
19	2776
72	2777
72	2778
584	2779
1199	2780
1112	2781
2241	2782
185	2783
17	2784
19	2785
32	2786
17	2787
479	2788
625	2789
618	2790
10	2791
1386	2792
1386	2793
29	2794
1045	2795
2130	2796
1305	2797
16	2798
1251	2799
733	2800
59	2801
38	2802
942	2803
726	2804
726	2805
2660	2806
843	2807
843	2808
92	2809
518	2810
518	2811
284	2812
1452	2813
2343	2814
1509	2815
2637	2816
2620	2817
866	2818
2535	2819
137	2820
4	2821
4	2822
4	2823
760	2824
292	2825
292	2826
391	2827
197	2828
2273	2829
1459	2830
2335	2831
1417	2832
1503	2833
616	2834
851	2835
33	2836
2457	2837
752	2838
11	2839
2	2840
872	2841
52	2842
70	2843
484	2844
901	2845
518	2846
1050	2847
512	2848
659	2849
1513	2850
660	2851
702	2852
739	2853
1050	2854
302	2855
1070	2856
196	2857
247	2858
1188	2859
586	2860
1	2861
327	2862
511	2863
14	2864
1219	2865
496	2866
496	2867
1986	2868
366	2869
174	2870
1410	2871
1263	2872
566	2873
1	2874
1	2875
1	2876
1	2877
1483	2878
41	2879
41	2880
1	2881
47	2882
1415	2883
169	2884
1107	2885
2413	2886
1415	2887
1990	2888
1085	2889
971	2890
425	2891
2385	2892
118	2893
54	2894
5	2895
97	2896
73	2897
40	2898
274	2899
8	2900
143	2901
4	2902
28	2903
143	2904
1088	2905
342	2906
1111	2907
2168	2908
1551	2909
14	2910
178	2911
4	2912
259	2913
230	2914
14	2915
28	2916
180	2917
617	2918
650	2919
746	2920
755	2921
1554	2922
65	2923
395	2924
52	2925
133	2926
1360	2927
62	2928
2584	2929
1647	2930
690	2931
34	2932
627	2933
653	2934
653	2935
350	2936
350	2937
1370	2938
184	2939
1422	2940
1422	2941
21	2942
1241	2943
2	2944
2	2945
546	2946
1484	2947
2	2948
813	2949
2	2950
2269	2951
26	2952
114	2953
96	2954
2210	2955
524	2956
302	2957
114	2958
228	2959
445	2960
2550	2961
21	2962
343	2963
1	2964
1531	2965
864	2966
2304	2967
866	2968
79	2969
331	2970
344	2971
15	2972
35	2973
35	2974
27	2975
11	2976
769	2977
77	2978
2202	2979
77	2980
24	2981
326	2982
1051	2983
36	2984
342	2985
81	2986
29	2987
62	2988
57	2989
1076	2990
231	2991
182	2992
63	2993
161	2994
19	2995
68	2996
445	2997
543	2998
74	2999
466	3000
66	3001
1801	3002
67	3003
135	3004
2266	3005
17	3006
67	3007
331	3008
55	3009
55	3010
21	3011
1557	3012
136	3013
1288	3014
223	3015
16	3016
5	3017
12	3018
29	3019
19	3020
1016	3021
1265	3022
15	3023
395	3024
40	3025
15	3026
5	3027
1553	3028
1	3029
1553	3030
41	3031
558	3032
19	3033
1248	3034
1379	3035
187	3036
134	3037
300	3038
1963	3039
1358	3040
1020	3041
98	3042
437	3043
446	3044
122	3045
855	3046
37	3047
15	3048
65	3049
1	3050
45	3051
15	3052
89	3053
469	3054
531	3055
2022	3056
224	3057
7	3058
2	3059
2	3060
2115	3061
315	3062
80	3063
4	3064
18	3065
1747	3066
55	3067
8	3068
992	3069
265	3070
48	3071
203	3072
49	3073
328	3074
735	3075
4	3076
103	3077
138	3078
1244	3079
601	3080
2495	3081
1225	3082
1347	3083
545	3084
862	3085
51	3086
31	3087
7	3088
1000	3089
102	3090
267	3091
2440	3092
25	3093
846	3094
2050	3095
316	3096
1756	3097
555	3098
2	3099
2	3100
2	3101
2	3102
487	3103
1353	3104
2719	3105
211	3106
14	3107
2436	3108
1389	3109
2739	3110
1758	3111
5	3112
40	3113
1166	3114
1665	3115
2	3116
4	3117
1556	3118
2656	3119
2336	3120
2423	3121
399	3122
399	3123
39	3124
1555	3125
138	3126
16	3127
2146	3128
1663	3129
257	3130
2738	3131
2252	3132
2044	3133
90	3134
1070	3135
2757	3136
384	3137
2591	3138
1453	3139
2404	3140
436	3141
1212	3142
1759	3143
406	3144
610	3145
1156	3146
2339	3147
1141	3148
17	3149
1789	3150
1938	3151
1666	3152
2124	3153
896	3154
2690	3155
116	3156
4	3157
988	3158
141	3159
141	3160
1668	3161
945	3162
945	3163
440	3164
1	3165
110	3166
1914	3167
15	3168
48	3169
83	3170
148	3171
93	3172
825	3173
100	3174
285	3175
25	3176
8	3177
1436	3178
30	3179
282	3180
1755	3181
6	3182
221	3183
161	3184
1203	3185
769	3186
841	3187
870	3188
469	3189
1365	3190
154	3191
1864	3192
359	3193
1185	3194
581	3195
26	3196
54	3197
130	3198
204	3199
1478	3200
180	3201
1111	3202
2051	3203
82	3204
67	3205
6	3206
105	3207
271	3208
743	3209
105	3210
6	3211
104	3212
204	3213
1130	3214
253	3215
1283	3216
157	3217
157	3218
90	3219
13	3220
157	3221
891	3222
599	3223
1487	3224
2138	3225
93	3226
1870	3227
1614	3228
1607	3229
2317	3230
1609	3231
1847	3232
1617	3233
1613	3234
1810	3235
1610	3236
1615	3237
1612	3238
1812	3239
1606	3240
1592	3241
1619	3242
1839	3243
1608	3244
1584	3245
1586	3246
1845	3247
1585	3248
1593	3249
1594	3250
1616	3251
1583	3252
1587	3253
1842	3254
1844	3255
1595	3256
1588	3257
1809	3258
1620	3259
27	3260
14	3261
820	3262
38	3263
333	3264
117	3265
2077	3266
396	3267
63	3268
38	3269
943	3270
417	3271
14	3272
53	3273
137	3274
289	3275
108	3276
1133	3277
1	3278
19	3279
678	3280
1811	3281
2173	3282
130	3283
9	3284
34	3285
1627	3286
84	3287
2525	3288
2451	3289
516	3290
1398	3291
1125	3292
871	3293
493	3294
1079	3295
1564	3296
1564	3297
601	3298
221	3299
58	3300
22	3301
78	3302
24	3303
34	3304
34	3305
6	3306
799	3307
418	3308
2283	3309
977	3310
105	3311
357	3312
1	3313
17	3314
78	3315
9	3316
55	3317
76	3318
72	3319
76	3320
76	3321
76	3322
76	3323
222	3324
222	3325
76	3326
222	3327
1590	3328
156	3329
22	3330
185	3331
326	3332
37	3333
5	3334
1	3335
222	3336
9	3337
16	3338
709	3339
2082	3340
230	3341
17	3342
2691	3343
2370	3344
115	3345
25	3346
357	3347
1067	3348
904	3349
46	3350
17	3351
1223	3352
135	3353
2563	3354
724	3355
54	3356
111	3357
825	3358
1562	3359
2109	3360
35	3361
2287	3362
792	3363
70	3364
230	3365
882	3366
73	3367
1262	3368
109	3369
441	3370
62	3371
65	3372
585	3373
220	3374
623	3375
1984	3376
80	3377
645	3378
18	3379
35	3380
1193	3381
67	3382
177	3383
2363	3384
2632	3385
2513	3386
5	3387
30	3388
8	3389
45	3390
29	3391
8	3392
30	3393
17	3394
428	3395
24	3396
82	3397
829	3398
37	3399
1184	3400
161	3401
1841	3402
2	3403
31	3404
10	3405
48	3406
3	3407
639	3408
15	3409
1651	3410
487	3411
80	3412
487	3413
83	3414
248	3415
1548	3416
176	3417
176	3418
401	3419
87	3420
1139	3421
390	3422
1149	3423
1149	3424
103	3425
421	3426
10	3427
96	3428
64	3429
6	3430
2431	3431
148	3432
6	3433
264	3434
344	3435
332	3436
2035	3437
418	3438
827	3439
2162	3440
853	3441
1917	3442
1902	3443
1776	3444
86	3445
495	3446
86	3447
476	3448
25	3449
2	3450
2	3451
90	3452
32	3453
32	3454
60	3455
281	3456
277	3457
2433	3458
328	3459
16	3460
53	3461
1303	3462
1303	3463
26	3464
8	3465
813	3466
505	3467
19	3468
1160	3469
748	3470
60	3471
60	3472
10	3473
1184	3474
3	3475
52	3476
3	3477
3	3478
137	3479
642	3480
3	3481
275	3482
872	3483
925	3484
609	3485
3	3486
427	3487
3	3488
3	3489
3	3490
3	3491
3	3492
3	3493
3	3494
3	3495
3	3496
3	3497
3	3498
3	3499
3	3500
3	3501
3	3502
3	3503
3	3504
3	3505
3	3506
3	3507
3	3508
3	3509
126	3510
16	3511
1887	3512
39	3513
1803	3514
650	3515
2253	3516
2227	3517
841	3518
16	3519
591	3520
591	3521
3	3522
3	3523
3	3524
3	3525
3	3526
3	3527
3	3528
428	3529
504	3530
391	3531
170	3532
4	3533
2264	3534
7	3535
646	3536
1206	3537
68	3538
1120	3539
504	3540
1423	3541
341	3542
316	3543
104	3544
861	3545
374	3546
374	3547
145	3548
478	3549
675	3550
121	3551
560	3552
436	3553
436	3554
2373	3555
71	3556
422	3557
169	3558
2093	3559
2357	3560
41	3561
41	3562
53	3563
1953	3564
2	3565
192	3566
1535	3567
96	3568
723	3569
1322	3570
57	3571
57	3572
58	3573
315	3574
35	3575
89	3576
2358	3577
186	3578
76	3579
267	3580
7	3581
1205	3582
2361	3583
6	3584
6	3585
6	3586
14	3587
750	3588
73	3589
8	3590
30	3591
958	3592
2727	3593
1527	3594
610	3595
582	3596
642	3597
1	3598
1	3599
84	3600
317	3601
315	3602
198	3603
1281	3604
1242	3605
4	3606
1268	3607
1266	3608
1266	3609
101	3610
2455	3611
179	3612
105	3613
1297	3614
540	3615
21	3616
950	3617
884	3618
4	3619
129	3620
500	3621
1545	3622
842	3623
2226	3624
583	3625
111	3626
140	3627
1820	3628
24	3629
1511	3630
3	3631
603	3632
104	3633
2234	3634
477	3635
154	3636
904	3637
87	3638
12	3639
883	3640
48	3641
71	3642
2098	3643
96	3644
1544	3645
1542	3646
2060	3647
6	3648
838	3649
23	3650
1348	3651
54	3652
6	3653
559	3654
883	3655
44	3656
2204	3657
148	3658
77	3659
204	3660
1221	3661
55	3662
8	3663
549	3664
318	3665
2337	3666
9	3667
703	3668
344	3669
950	3670
786	3671
1084	3672
561	3673
54	3674
23	3675
97	3676
29	3677
105	3678
23	3679
2723	3680
340	3681
332	3682
282	3683
418	3684
79	3685
344	3686
97	3687
1319	3688
102	3689
1005	3690
1005	3691
256	3692
1356	3693
108	3694
40	3695
5	3696
40	3697
81	3698
81	3699
81	3700
16	3701
2165	3702
4	3703
763	3704
275	3705
259	3706
90	3707
106	3708
51	3709
48	3710
3	3711
89	3712
208	3713
59	3714
59	3715
483	3716
118	3717
10	3718
1396	3719
2705	3720
1269	3721
898	3722
10	3723
7	3724
9	3725
22	3726
260	3727
22	3728
6	3729
382	3730
81	3731
334	3732
542	3733
858	3734
229	3735
62	3736
1013	3737
10	3738
749	3739
10	3740
12	3741
2220	3742
968	3743
1836	3744
1949	3745
668	3746
585	3747
627	3748
918	3749
106	3750
70	3751
177	3752
182	3753
6	3754
386	3755
1119	3756
978	3757
69	3758
160	3759
441	3760
441	3761
499	3762
997	3763
500	3764
307	3765
255	3766
93	3767
87	3768
839	3769
114	3770
4	3771
10	3772
122	3773
1224	3774
2237	3775
96	3776
2533	3777
253	3778
253	3779
3	3780
3	3781
930	3782
3	3783
3	3784
350	3785
2724	3786
679	3787
423	3788
130	3789
120	3790
1232	3791
925	3792
437	3793
331	3794
554	3795
27	3796
1832	3797
4	3798
2449	3799
941	3800
1213	3801
174	3802
116	3803
42	3804
1257	3805
1132	3806
24	3807
2405	3808
1290	3809
103	3810
632	3811
2421	3812
48	3813
1919	3814
14	3815
116	3816
1466	3817
77	3818
1920	3819
82	3820
888	3821
81	3822
259	3823
281	3824
877	3825
533	3826
2569	3827
16	3828
14	3829
41	3830
781	3831
119	3832
2604	3833
2685	3834
2271	3835
47	3836
11	3837
9	3838
51	3839
1231	3840
1557	3841
78	3842
47	3843
35	3844
14	3845
21	3846
859	3847
15	3848
152	3849
1208	3850
741	3851
21	3852
15	3853
15	3854
108	3855
31	3856
266	3857
45	3858
18	3859
210	3860
1928	3861
897	3862
897	3863
2577	3864
604	3865
604	3866
51	3867
621	3868
540	3869
264	3870
60	3871
21	3872
14	3873
752	3874
2443	3875
23	3876
951	3877
762	3878
81	3879
312	3880
97	3881
543	3882
2107	3883
2490	3884
59	3885
223	3886
156	3887
86	3888
97	3889
97	3890
1528	3891
590	3892
659	3893
112	3894
101	3895
1374	3896
270	3897
903	3898
833	3899
833	3900
833	3901
2164	3902
165	3903
675	3904
434	3905
1180	3906
193	3907
94	3908
3	3909
255	3910
581	3911
193	3912
10	3913
128	3914
128	3915
363	3916
11	3917
112	3918
11	3919
3	3920
136	3921
652	3922
365	3923
68	3924
156	3925
363	3926
81	3927
694	3928
483	3929
909	3930
130	3931
955	3932
43	3933
1967	3934
908	3935
2558	3936
1159	3937
394	3938
1154	3939
412	3940
65	3941
77	3942
1905	3943
306	3944
151	3945
133	3946
348	3947
14	3948
290	3949
4	3950
66	3951
792	3952
46	3953
1466	3954
46	3955
100	3956
60	3957
2122	3958
150	3959
19	3960
1875	3961
2278	3962
450	3963
178	3964
809	3965
50	3966
100	3967
31	3968
1804	3969
1280	3970
724	3971
134	3972
265	3973
25	3974
1116	3975
21	3976
23	3977
88	3978
49	3979
1210	3980
64	3981
73	3982
393	3983
18	3984
10	3985
58	3986
265	3987
265	3988
23	3989
25	3990
8	3991
868	3992
868	3993
55	3994
8	3995
8	3996
30	3997
21	3998
58	3999
868	4000
449	4001
58	4002
46	4003
2519	4004
136	4005
30	4006
18	4007
432	4008
36	4009
281	4010
116	4011
6	4012
22	4013
9	4014
49	4015
149	4016
18	4017
88	4018
16	4019
77	4020
134	4021
2289	4022
204	4023
96	4024
258	4025
256	4026
324	4027
254	4028
14	4029
120	4030
14	4031
216	4032
230	4033
400	4034
326	4035
6	4036
221	4037
415	4038
415	4039
6	4040
6	4041
6	4042
6	4043
415	4044
415	4045
945	4046
78	4047
329	4048
4	4049
6	4050
911	4051
911	4052
1942	4053
390	4054
22	4055
122	4056
66	4057
6	4058
60	4059
157	4060
478	4061
2	4062
86	4063
887	4064
1754	4065
1147	4066
1972	4067
17	4068
12	4069
66	4070
257	4071
531	4072
24	4073
367	4074
2638	4075
544	4076
689	4077
964	4078
702	4079
1349	4080
16	4081
1443	4082
24	4083
62	4084
2294	4085
345	4086
61	4087
13	4088
2191	4089
1682	4090
1893	4091
946	4092
345	4093
24	4094
24	4095
82	4096
24	4097
741	4098
417	4099
194	4100
1247	4101
773	4102
178	4103
14	4104
576	4105
1929	4106
1535	4107
477	4108
28	4109
54	4110
124	4111
1162	4112
16	4113
31	4114
83	4115
1097	4116
1	4117
17	4118
169	4119
1	4120
338	4121
1	4122
801	4123
37	4124
1280	4125
1561	4126
12	4127
62	4128
10	4129
1222	4130
1200	4131
718	4132
476	4133
372	4134
1439	4135
963	4136
2649	4137
954	4138
293	4139
1041	4140
530	4141
309	4142
926	4143
118	4144
120	4145
1015	4146
4	4147
15	4148
269	4149
1	4150
18	4151
84	4152
369	4153
127	4154
188	4155
193	4156
128	4157
94	4158
238	4159
94	4160
3	4161
128	4162
193	4163
494	4164
298	4165
127	4166
127	4167
127	4168
359	4169
263	4170
1835	4171
166	4172
470	4173
3	4174
3	4175
238	4176
94	4177
94	4178
471	4179
85	4180
146	4181
503	4182
652	4183
360	4184
362	4185
2534	4186
362	4187
11	4188
10	4189
85	4190
99	4191
14	4192
5	4193
40	4194
5	4195
5	4196
40	4197
129	4198
259	4199
550	4200
215	4201
547	4202
1085	4203
475	4204
83	4205
47	4206
10	4207
15	4208
1166	4209
1910	4210
1267	4211
299	4212
23	4213
2123	4214
45	4215
322	4216
2	4217
2003	4218
894	4219
1869	4220
1417	4221
2067	4222
268	4223
668	4224
1895	4225
2578	4226
874	4227
775	4228
14	4229
2137	4230
1508	4231
2551	4232
14	4233
762	4234
2200	4235
2595	4236
1907	4237
962	4238
2	4239
2	4240
2	4241
2	4242
2	4243
429	4244
438	4245
2407	4246
29	4247
736	4248
90	4249
995	4250
1524	4251
178	4252
489	4253
706	4254
2	4255
327	4256
1108	4257
1159	4258
2	4259
121	4260
339	4261
2201	4262
995	4263
9	4264
1093	4265
682	4266
56	4267
2	4268
214	4269
1235	4270
124	4271
214	4272
1631	4273
1296	4274
1891	4275
173	4276
2734	4277
1822	4278
249	4279
674	4280
682	4281
2288	4282
10	4283
10	4284
10	4285
10	4286
1239	4287
65	4288
132	4289
1007	4290
42	4291
140	4292
1377	4293
113	4294
113	4295
113	4296
113	4297
113	4298
136	4299
393	4300
1819	4301
304	4302
1947	4303
499	4304
606	4305
2307	4306
1046	4307
249	4308
342	4309
245	4310
245	4311
1761	4312
43	4313
43	4314
751	4315
7	4316
596	4317
52	4318
331	4319
743	4320
743	4321
354	4322
1	4323
594	4324
2745	4325
26	4326
901	4327
901	4328
683	4329
602	4330
756	4331
756	4332
756	4333
2209	4334
12	4335
1257	4336
1369	4337
114	4338
616	4339
1405	4340
2411	4341
1060	4342
1293	4343
820	4344
5	4345
1316	4346
312	4347
26	4348
31	4349
5	4350
22	4351
17	4352
40	4353
15	4354
2	4355
1550	4356
289	4357
49	4358
1	4359
25	4360
12	4361
56	4362
205	4363
2084	4364
422	4365
28	4366
345	4367
29	4368
150	4369
467	4370
784	4371
32	4372
298	4373
92	4374
1786	4375
839	4376
1372	4377
1346	4378
725	4379
769	4380
657	4381
105	4382
18	4383
239	4384
260	4385
751	4386
640	4387
640	4388
368	4389
133	4390
8	4391
30	4392
416	4393
1	4394
850	4395
39	4396
2	4397
28	4398
472	4399
83	4400
606	4401
359	4402
368	4403
51	4404
826	4405
213	4406
1270	4407
1939	4408
590	4409
440	4410
1549	4411
14	4412
132	4413
1532	4414
210	4415
255	4416
1	4417
1	4418
1	4419
410	4420
28	4421
131	4422
1130	4423
1957	4424
5	4425
614	4426
9	4427
1558	4428
79	4429
890	4430
75	4431
339	4432
30	4433
8	4434
6	4435
593	4436
205	4437
545	4438
163	4439
134	4440
790	4441
433	4442
7	4443
444	4444
86	4445
63	4446
12	4447
76	4448
63	4449
40	4450
65	4451
82	4452
23	4453
17	4454
41	4455
2	4456
125	4457
9	4458
19	4459
854	4460
1374	4461
1	4462
14	4463
30	4464
213	4465
9	4466
190	4467
76	4468
5	4469
167	4470
210	4471
18	4472
168	4473
11	4474
2496	4475
69	4476
1787	4477
2467	4478
10	4479
6	4480
108	4481
38	4482
405	4483
67	4484
133	4485
7	4486
2671	4487
2	4488
851	4489
136	4490
2315	4491
27	4492
27	4493
27	4494
2518	4495
2589	4496
819	4497
1635	4498
209	4499
1446	4500
181	4501
870	4502
43	4503
1037	4504
70	4505
475	4506
575	4507
1066	4508
1055	4509
313	4510
526	4511
245	4512
718	4513
156	4514
3	4515
26	4516
1642	4517
58	4518
1315	4519
7	4520
1109	4521
4	4522
2352	4523
315	4524
579	4525
172	4526
25	4527
879	4528
879	4529
36	4530
557	4531
133	4532
194	4533
922	4534
425	4535
783	4536
21	4537
1527	4538
530	4539
379	4540
48	4541
919	4542
36	4543
1472	4544
765	4545
1982	4546
52	4547
17	4548
86	4549
390	4550
738	4551
2582	4552
106	4553
2	4554
2	4555
57	4556
30	4557
8	4558
95	4559
1062	4560
63	4561
10	4562
285	4563
285	4564
1226	4565
88	4566
504	4567
48	4568
1063	4569
185	4570
1549	4571
216	4572
85	4573
132	4574
160	4575
4	4576
732	4577
1059	4578
719	4579
2475	4580
24	4581
363	4582
658	4583
22	4584
28	4585
841	4586
1201	4587
542	4588
733	4589
541	4590
37	4591
929	4592
143	4593
132	4594
830	4595
2322	4596
699	4597
294	4598
943	4599
7	4600
1314	4601
32	4602
213	4603
60	4604
213	4605
1329	4606
58	4607
1526	4608
2689	4609
446	4610
502	4611
1018	4612
116	4613
92	4614
469	4615
27	4616
288	4617
48	4618
84	4619
1446	4620
493	4621
493	4622
546	4623
180	4624
641	4625
1055	4626
2487	4627
439	4628
364	4629
320	4630
300	4631
300	4632
1470	4633
112	4634
173	4635
72	4636
405	4637
750	4638
1637	4639
624	4640
10	4641
1865	4642
902	4643
995	4644
2171	4645
81	4646
7	4647
7	4648
296	4649
89	4650
93	4651
270	4652
8	4653
5	4654
48	4655
2013	4656
130	4657
10	4658
146	4659
1117	4660
6	4661
1395	4662
89	4663
2639	4664
438	4665
1317	4666
338	4667
1653	4668
130	4669
147	4670
860	4671
1323	4672
36	4673
1476	4674
378	4675
867	4676
14	4677
902	4678
89	4679
61	4680
2319	4681
219	4682
1014	4683
221	4684
34	4685
322	4686
97	4687
272	4688
1224	4689
9	4690
117	4691
223	4692
2688	4693
50	4694
589	4695
820	4696
370	4697
4	4698
1532	4699
266	4700
232	4701
80	4702
80	4703
80	4704
2477	4705
107	4706
519	4707
899	4708
1559	4709
633	4710
457	4711
117	4712
85	4713
363	4714
2565	4715
763	4716
561	4717
404	4718
893	4719
106	4720
1392	4721
70	4722
1145	4723
423	4724
1508	4725
8	4726
1465	4727
905	4728
75	4729
42	4730
6	4731
623	4732
2382	4733
340	4734
60	4735
29	4736
28	4737
2254	4738
15	4739
256	4740
241	4741
828	4742
82	4743
49	4744
138	4745
696	4746
2598	4747
25	4748
296	4749
128	4750
2	4751
2	4752
520	4753
299	4754
691	4755
698	4756
917	4757
37	4758
163	4759
521	4760
375	4761
515	4762
1484	4763
519	4764
1479	4765
1038	4766
1000	4767
1010	4768
163	4769
106	4770
595	4771
111	4772
141	4773
1429	4774
956	4775
379	4776
278	4777
45	4778
400	4779
45	4780
109	4781
1047	4782
1453	4783
1031	4784
112	4785
1036	4786
372	4787
559	4788
1012	4789
2468	4790
202	4791
1504	4792
210	4793
150	4794
1762	4795
600	4796
229	4797
717	4798
717	4799
717	4800
1823	4801
229	4802
119	4803
2299	4804
89	4805
334	4806
87	4807
797	4808
347	4809
288	4810
20	4811
20	4812
146	4813
2747	4814
24	4815
7	4816
412	4817
734	4818
617	4819
1459	4820
229	4821
50	4822
413	4823
816	4824
1198	4825
2619	4826
300	4827
438	4828
35	4829
606	4830
1388	4831
797	4832
2437	4833
797	4834
1278	4835
2255	4836
35	4837
339	4838
273	4839
338	4840
532	4841
195	4842
175	4843
532	4844
949	4845
541	4846
104	4847
548	4848
1414	4849
252	4850
7	4851
131	4852
96	4853
617	4854
175	4855
1460	4856
879	4857
1212	4858
252	4859
951	4860
318	4861
829	4862
101	4863
394	4864
1	4865
288	4866
288	4867
1360	4868
54	4869
83	4870
229	4871
85	4872
2154	4873
1343	4874
619	4875
909	4876
1	4877
83	4878
143	4879
259	4880
66	4881
630	4882
908	4883
452	4884
1014	4885
1015	4886
2562	4887
2524	4888
1299	4889
497	4890
254	4891
1344	4892
1866	4893
376	4894
503	4895
1231	4896
104	4897
2350	4898
67	4899
99	4900
579	4901
167	4902
547	4903
271	4904
404	4905
10	4906
1093	4907
32	4908
132	4909
622	4910
277	4911
325	4912
6	4913
279	4914
265	4915
1	4916
589	4917
2160	4918
2510	4919
1493	4920
1194	4921
369	4922
191	4923
1	4924
136	4925
460	4926
1	4927
24	4928
1034	4929
24	4930
330	4931
2	4932
88	4933
492	4934
64	4935
18	4936
938	4937
1816	4938
632	4939
155	4940
92	4941
779	4942
17	4943
1382	4944
980	4945
148	4946
215	4947
11	4948
56	4949
56	4950
1230	4951
1230	4952
329	4953
329	4954
329	4955
329	4956
2284	4957
838	4958
116	4959
50	4960
34	4961
66	4962
537	4963
137	4964
1282	4965
137	4966
892	4967
338	4968
338	4969
1434	4970
1380	4971
2384	4972
653	4973
678	4974
873	4975
468	4976
992	4977
244	4978
468	4979
155	4980
892	4981
179	4982
2641	4983
1290	4984
1318	4985
1363	4986
244	4987
999	4988
1460	4989
1464	4990
2	4991
55	4992
320	4993
52	4994
87	4995
933	4996
39	4997
39	4998
1390	4999
933	5000
651	5001
126	5002
680	5003
359	5004
126	5005
1032	5006
679	5007
92	5008
32	5009
912	5010
282	5011
10	5012
152	5013
212	5014
36	5015
393	5016
18	5017
262	5018
1094	5019
5	5020
18	5021
5	5022
1	5023
1092	5024
940	5025
93	5026
9	5027
2045	5028
1176	5029
230	5030
2388	5031
639	5032
628	5033
279	5034
59	5035
60	5036
924	5037
638	5038
216	5039
871	5040
639	5041
1306	5042
114	5043
11	5044
10	5045
69	5046
9	5047
64	5048
359	5049
126	5050
431	5051
957	5052
682	5053
378	5054
1306	5055
1246	5056
2549	5057
732	5058
1966	5059
753	5060
2028	5061
1670	5062
1377	5063
1600	5064
181	5065
1625	5066
899	5067
1646	5068
510	5069
33	5070
448	5071
2036	5072
863	5073
2596	5074
1338	5075
1636	5076
2293	5077
26	5078
2	5079
2	5080
8	5081
79	5082
445	5083
1087	5084
1310	5085
15	5086
15	5087
96	5088
807	5089
513	5090
513	5091
84	5092
4	5093
782	5094
454	5095
2479	5096
507	5097
427	5098
427	5099
104	5100
786	5101
62	5102
2693	5103
355	5104
355	5105
388	5106
1373	5107
951	5108
257	5109
203	5110
2005	5111
203	5112
92	5113
92	5114
2	5115
2631	5116
2511	5117
174	5118
1824	5119
1547	5120
2	5121
1763	5122
43	5123
43	5124
43	5125
43	5126
468	5127
1211	5128
663	5129
700	5130
142	5131
12	5132
787	5133
12	5134
912	5135
130	5136
527	5137
2	5138
2	5139
398	5140
322	5141
322	5142
1472	5143
241	5144
673	5145
5	5146
149	5147
227	5148
87	5149
2131	5150
1083	5151
52	5152
729	5153
2291	5154
1431	5155
235	5156
220	5157
94	5158
332	5159
323	5160
2250	5161
57	5162
1140	5163
1858	5164
2453	5165
2364	5166
1765	5167
2718	5168
120	5169
1959	5170
1962	5171
2325	5172
963	5173
1006	5174
2055	5175
200	5176
59	5177
127	5178
2206	5179
91	5180
485	5181
448	5182
1294	5183
2588	5184
1639	5185
1951	5186
1291	5187
927	5188
975	5189
56	5190
787	5191
21	5192
721	5193
369	5194
103	5195
67	5196
170	5197
588	5198
21	5199
2037	5200
95	5201
1355	5202
878	5203
95	5204
878	5205
739	5206
327	5207
91	5208
1640	5209
34	5210
1591	5211
5	5212
21	5213
13	5214
13	5215
56	5216
914	5217
914	5218
589	5219
589	5220
72	5221
42	5222
42	5223
56	5224
45	5225
373	5226
2085	5227
282	5228
1077	5229
1378	5230
927	5231
345	5232
2041	5233
139	5234
16	5235
51	5236
56	5237
307	5238
67	5239
67	5240
206	5241
2561	5242
2061	5243
2536	5244
2537	5245
2680	5246
1906	5247
131	5248
52	5249
52	5250
52	5251
52	5252
52	5253
2218	5254
1319	5255
923	5256
931	5257
239	5258
306	5259
720	5260
159	5261
303	5262
1146	5263
804	5264
1536	5265
3	5266
3	5267
54	5268
54	5269
54	5270
1089	5271
2424	5272
50	5273
463	5274
463	5275
1511	5276
101	5277
1768	5278
2179	5279
119	5280
1505	5281
69	5282
69	5283
69	5284
1064	5285
82	5286
2572	5287
305	5288
305	5289
1560	5290
2	5291
526	5292
526	5293
578	5294
131	5295
393	5296
254	5297
790	5298
54	5299
216	5300
1099	5301
134	5302
104	5303
889	5304
1657	5305
276	5306
2521	5307
14	5308
43	5309
14	5310
2414	5311
84	5312
10	5313
4	5314
1349	5315
2230	5316
1650	5317
48	5318
577	5319
159	5320
316	5321
2008	5322
1105	5323
1236	5324
70	5325
159	5326
90	5327
61	5328
90	5329
1886	5330
2474	5331
318	5332
7	5333
126	5334
61	5335
112	5336
186	5337
1935	5338
2186	5339
26	5340
241	5341
824	5342
114	5343
10	5344
172	5345
73	5346
158	5347
824	5348
178	5349
977	5350
85	5351
109	5352
51	5353
1357	5354
513	5355
583	5356
79	5357
1499	5358
1308	5359
1432	5360
1067	5361
150	5362
313	5363
2147	5364
1168	5365
7	5366
79	5367
1975	5368
1372	5369
48	5370
109	5371
28	5372
1203	5373
484	5374
250	5375
1538	5376
113	5377
24	5378
26	5379
92	5380
608	5381
721	5382
87	5383
4	5384
162	5385
162	5386
162	5387
162	5388
117	5389
218	5390
168	5391
147	5392
272	5393
172	5394
114	5395
43	5396
117	5397
11	5398
27	5399
2	5400
953	5401
124	5402
4	5403
14	5404
256	5405
231	5406
891	5407
875	5408
1	5409
1001	5410
56	5411
1506	5412
34	5413
183	5414
140	5415
43	5416
420	5417
1189	5418
371	5419
621	5420
11	5421
323	5422
28	5423
80	5424
216	5425
51	5426
60	5427
63	5428
18	5429
204	5430
4	5431
4	5432
1766	5433
379	5434
43	5435
2	5436
115	5437
1269	5438
92	5439
669	5440
4	5441
2248	5442
1161	5443
2302	5444
245	5445
579	5446
669	5447
86	5448
1052	5449
2655	5450
2395	5451
204	5452
55	5453
4	5454
143	5455
32	5456
125	5457
87	5458
1309	5459
23	5460
118	5461
125	5462
49	5463
710	5464
24	5465
1570	5466
2717	5467
1198	5468
104	5469
408	5470
111	5471
888	5472
100	5473
123	5474
47	5475
432	5476
2311	5477
619	5478
4	5479
79	5480
504	5481
1	5482
429	5483
336	5484
135	5485
27	5486
28	5487
28	5488
171	5489
22	5490
24	5491
24	5492
254	5493
880	5494
959	5495
49	5496
122	5497
98	5498
32	5499
78	5500
4	5501
23	5502
34	5503
53	5504
29	5505
330	5506
291	5507
1121	5508
168	5509
8	5510
562	5511
2	5512
186	5513
62	5514
1051	5515
32	5516
8	5517
117	5518
91	5519
171	5520
407	5521
25	5522
822	5523
645	5524
298	5525
128	5526
71	5527
1340	5528
198	5529
23	5530
232	5531
6	5532
160	5533
88	5534
205	5535
726	5536
260	5537
1440	5538
709	5539
384	5540
202	5541
40	5542
18	5543
23	5544
36	5545
918	5546
18	5547
36	5548
318	5549
1062	5550
127	5551
937	5552
257	5553
1474	5554
6	5555
6	5556
33	5557
1026	5558
353	5559
72	5560
25	5561
1384	5562
2617	5563
1316	5564
1252	5565
84	5566
1035	5567
17	5568
122	5569
9	5570
2	5571
1171	5572
34	5573
36	5574
78	5575
768	5576
362	5577
645	5578
309	5579
199	5580
1242	5581
747	5582
54	5583
17	5584
632	5585
1327	5586
759	5587
153	5588
241	5589
181	5590
8	5591
116	5592
391	5593
270	5594
58	5595
490	5596
55	5597
3	5598
16	5599
45	5600
15	5601
2	5602
24	5603
640	5604
1258	5605
175	5606
596	5607
712	5608
1402	5609
192	5610
198	5611
1	5612
23	5613
426	5614
299	5615
4	5616
2	5617
19	5618
120	5619
2	5620
478	5621
57	5622
1652	5623
254	5624
81	5625
30	5626
8	5627
158	5628
120	5629
76	5630
140	5631
380	5632
559	5633
391	5634
36	5635
406	5636
158	5637
962	5638
6	5639
240	5640
2460	5641
145	5642
368	5643
1430	5644
964	5645
533	5646
966	5647
777	5648
214	5649
1143	5650
214	5651
4	5652
421	5653
4	5654
7	5655
97	5656
58	5657
58	5658
133	5659
215	5660
259	5661
770	5662
1621	5663
163	5664
154	5665
311	5666
20	5667
421	5668
337	5669
149	5670
29	5671
22	5672
8	5673
1221	5674
45	5675
215	5676
658	5677
38	5678
1409	5679
701	5680
377	5681
269	5682
35	5683
107	5684
53	5685
413	5686
7	5687
193	5688
470	5689
189	5690
193	5691
4	5692
3	5693
421	5694
539	5695
10	5696
458	5697
2347	5698
27	5699
37	5700
272	5701
11	5702
624	5703
276	5704
78	5705
2	5706
4	5707
155	5708
2177	5709
335	5710
137	5711
849	5712
28	5713
73	5714
9	5715
1	5716
65	5717
1294	5718
336	5719
2	5720
2	5721
12	5722
23	5723
35	5724
169	5725
402	5726
416	5727
316	5728
336	5729
312	5730
1687	5731
509	5732
7	5733
7	5734
7	5735
7	5736
2	5737
784	5738
319	5739
212	5740
684	5741
1100	5742
23	5743
147	5744
1333	5745
2720	5746
11	5747
23	5748
187	5749
183	5750
121	5751
63	5752
902	5753
113	5754
2282	5755
866	5756
150	5757
539	5758
444	5759
4	5760
1401	5761
4	5762
392	5763
5	5764
27	5765
182	5766
280	5767
1659	5768
1476	5769
1008	5770
695	5771
981	5772
690	5773
493	5774
150	5775
430	5776
205	5777
48	5778
977	5779
2	5780
609	5781
925	5782
2214	5783
5	5784
40	5785
2392	5786
1328	5787
1853	5788
77	5789
964	5790
22	5791
151	5792
18	5793
18	5794
18	5795
1193	5796
18	5797
18	5798
7	5799
2	5800
664	5801
25	5802
540	5803
45	5804
432	5805
644	5806
22	5807
15	5808
73	5809
296	5810
247	5811
85	5812
250	5813
650	5814
293	5815
503	5816
309	5817
207	5818
126	5819
19	5820
360	5821
2366	5822
576	5823
89	5824
1155	5825
194	5826
8	5827
19	5828
466	5829
2573	5830
2482	5831
531	5832
1116	5833
26	5834
26	5835
26	5836
548	5837
100	5838
112	5839
100	5840
442	5841
442	5842
317	5843
173	5844
106	5845
1407	5846
593	5847
106	5848
141	5849
1981	5850
442	5851
138	5852
1255	5853
688	5854
507	5855
2624	5856
404	5857
2239	5858
341	5859
251	5860
24	5861
721	5862
106	5863
20	5864
171	5865
1	5866
714	5867
1340	5868
608	5869
507	5870
288	5871
80	5872
305	5873
145	5874
305	5875
535	5876
1381	5877
526	5878
610	5879
305	5880
1017	5881
381	5882
163	5883
1047	5884
517	5885
2002	5886
194	5887
986	5888
521	5889
142	5890
671	5891
608	5892
286	5893
43	5894
429	5895
308	5896
142	5897
240	5898
374	5899
192	5900
1423	5901
515	5902
237	5903
358	5904
382	5905
520	5906
385	5907
1574	5908
525	5909
1022	5910
959	5911
711	5912
232	5913
95	5914
691	5915
709	5916
692	5917
241	5918
302	5919
1007	5920
95	5921
673	5922
352	5923
372	5924
93	5925
245	5926
369	5927
369	5928
692	5929
1022	5930
982	5931
1024	5932
1047	5933
967	5934
179	5935
944	5936
462	5937
297	5938
1010	5939
1490	5940
1048	5941
2661	5942
462	5943
249	5944
69	5945
384	5946
1411	5947
201	5948
983	5949
1506	5950
505	5951
624	5952
155	5953
616	5954
1435	5955
1044	5956
302	5957
368	5958
1020	5959
373	5960
1433	5961
233	5962
1496	5963
742	5964
647	5965
366	5966
1503	5967
384	5968
1031	5969
713	5970
1534	5971
660	5972
631	5973
1019	5974
69	5975
386	5976
203	5977
297	5978
657	5979
1354	5980
95	5981
453	5982
233	5983
366	5984
201	5985
145	5986
184	5987
1325	5988
525	5989
371	5990
707	5991
529	5992
524	5993
106	5994
459	5995
1376	5996
621	5997
714	5998
498	5999
1465	6000
1455	6001
965	6002
195	6003
728	6004
673	6005
202	6006
1040	6007
647	6008
235	6009
455	6010
155	6011
2633	6012
1540	6013
647	6014
1036	6015
698	6016
742	6017
1043	6018
1470	6019
195	6020
498	6021
1521	6022
483	6023
529	6024
239	6025
965	6026
512	6027
450	6028
1352	6029
1227	6030
485	6031
594	6032
106	6033
387	6034
1488	6035
140	6036
61	6037
499	6038
728	6039
2630	6040
491	6041
665	6042
1049	6043
488	6044
2593	6045
486	6046
501	6047
810	6048
235	6049
1273	6050
377	6051
145	6052
385	6053
308	6054
280	6055
304	6056
706	6057
527	6058
287	6059
865	6060
349	6061
509	6062
246	6063
2628	6064
1505	6065
2665	6066
1428	6067
306	6068
355	6069
295	6070
512	6071
199	6072
1030	6073
707	6074
970	6075
111	6076
709	6077
353	6078
662	6079
155	6080
355	6081
374	6082
1477	6083
142	6084
297	6085
371	6086
702	6087
385	6088
512	6089
1025	6090
716	6091
201	6092
610	6093
155	6094
307	6095
162	6096
1005	6097
247	6098
1412	6099
459	6100
655	6101
1514	6102
348	6103
1405	6104
2576	6105
1406	6106
1016	6107
514	6108
356	6109
984	6110
1413	6111
978	6112
1008	6113
377	6114
93	6115
455	6116
295	6117
160	6118
388	6119
303	6120
665	6121
700	6122
498	6123
705	6124
304	6125
1038	6126
280	6127
394	6128
1412	6129
1539	6130
139	6131
1029	6132
383	6133
535	6134
381	6135
356	6136
712	6137
443	6138
389	6139
367	6140
199	6141
489	6142
1489	6143
305	6144
956	6145
1504	6146
984	6147
707	6148
1514	6149
200	6150
389	6151
480	6152
381	6153
145	6154
1004	6155
154	6156
966	6157
341	6158
1055	6159
536	6160
2635	6161
525	6162
24	6163
1040	6164
202	6165
234	6166
352	6167
302	6168
61	6169
1048	6170
711	6171
2251	6172
1	6173
431	6174
1890	6175
1122	6176
115	6177
254	6178
115	6179
2403	6180
42	6181
138	6182
365	6183
642	6184
381	6185
298	6186
363	6187
355	6188
61	6189
452	6190
1393	6191
39	6192
453	6193
39	6194
308	6195
188	6196
94	6197
39	6198
3	6199
85	6200
39	6201
652	6202
138	6203
249	6204
85	6205
39	6206
94	6207
33	6208
308	6209
470	6210
238	6211
39	6212
362	6213
2119	6214
86	6215
53	6216
359	6217
39	6218
237	6219
3	6220
39	6221
39	6222
967	6223
39	6224
188	6225
189	6226
188	6227
39	6228
238	6229
1536	6230
3	6231
3	6232
3	6233
361	6234
39	6235
645	6236
193	6237
80	6238
3	6239
56	6240
26	6241
3	6242
599	6243
3	6244
39	6245
85	6246
504	6247
2120	6248
85	6249
85	6250
39	6251
484	6252
127	6253
362	6254
649	6255
595	6256
189	6257
85	6258
33	6259
473	6260
865	6261
39	6262
189	6263
39	6264
3	6265
768	6266
94	6267
80	6268
39	6269
33	6270
958	6271
39	6272
39	6273
94	6274
361	6275
465	6276
558	6277
3	6278
1	6279
29	6280
146	6281
3	6282
3	6283
638	6284
274	6285
274	6286
1	6287
94	6288
14	6289
143	6290
119	6291
2329	6292
93	6293
780	6294
37	6295
423	6296
423	6297
4	6298
7	6299
182	6300
18	6301
36	6302
131	6303
2	6304
130	6305
89	6306
89	6307
390	6308
11	6309
2509	6310
1502	6311
1071	6312
128	6313
933	6314
1012	6315
528	6316
202	6317
162	6318
708	6319
1501	6320
94	6321
128	6322
1190	6323
233	6324
462	6325
387	6326
1030	6327
193	6328
614	6329
283	6330
33	6331
538	6332
662	6333
533	6334
649	6335
1421	6336
243	6337
408	6338
1559	6339
944	6340
394	6341
53	6342
942	6343
1548	6344
361	6345
464	6346
508	6347
784	6348
602	6349
249	6350
235	6351
731	6352
478	6353
592	6354
834	6355
667	6356
459	6357
1448	6358
107	6359
242	6360
243	6361
1352	6362
287	6363
524	6364
944	6365
387	6366
107	6367
128	6368
409	6369
45	6370
66	6371
536	6372
141	6373
596	6374
60	6375
953	6376
8	6377
30	6378
322	6379
110	6380
176	6381
66	6382
18	6383
449	6384
4	6385
290	6386
174	6387
227	6388
90	6389
175	6390
20	6391
730	6392
4	6393
335	6394
4	6395
159	6396
2099	6397
791	6398
7	6399
28	6400
26	6401
78	6402
677	6403
347	6404
2399	6405
554	6406
187	6407
1552	6408
58	6409
97	6410
101	6411
747	6412
513	6413
59	6414
19	6415
36	6416
446	6417
948	6418
948	6419
1382	6420
389	6421
24	6422
407	6423
78	6424
6	6425
239	6426
1272	6427
178	6428
310	6429
109	6430
136	6431
272	6432
103	6433
97	6434
103	6435
2	6436
64	6437
17	6438
667	6439
4	6440
55	6441
14	6442
185	6443
6	6444
166	6445
10	6446
24	6447
30	6448
23	6449
1	6450
976	6451
28	6452
2	6453
2094	6454
1641	6455
276	6456
1147	6457
22	6458
213	6459
5	6460
60	6461
729	6462
2	6463
996	6464
22	6465
16	6466
16	6467
13	6468
22	6469
202	6470
82	6471
954	6472
501	6473
16	6474
21	6475
16	6476
77	6477
2359	6478
316	6479
107	6480
637	6481
16	6482
985	6483
985	6484
731	6485
1233	6486
2087	6487
2699	6488
67	6489
295	6490
67	6491
16	6492
1675	6493
29	6494
947	6495
2592	6496
73	6497
144	6498
1039	6499
2	6500
1411	6501
1435	6502
485	6503
1247	6504
2486	6505
46	6506
24	6507
24	6508
2216	6509
278	6510
288	6511
30	6512
1831	6513
55	6514
88	6515
18	6516
18	6517
18	6518
158	6519
88	6520
13	6521
68	6522
633	6523
634	6524
135	6525
612	6526
129	6527
129	6528
601	6529
68	6530
42	6531
428	6532
764	6533
1157	6534
236	6535
534	6536
235	6537
353	6538
461	6539
636	6540
184	6541
1359	6542
141	6543
1304	6544
1304	6545
1442	6546
243	6547
1039	6548
495	6549
1468	6550
624	6551
309	6552
249	6553
295	6554
510	6555
1308	6556
856	6557
339	6558
527	6559
654	6560
648	6561
491	6562
1009	6563
1235	6564
958	6565
594	6566
1469	6567
123	6568
593	6569
1537	6570
1471	6571
830	6572
2103	6573
984	6574
674	6575
1021	6576
1019	6577
2663	6578
1463	6579
1175	6580
1249	6581
487	6582
2281	6583
1299	6584
2247	6585
140	6586
435	6587
91	6588
1807	6589
994	6590
18	6591
1750	6592
1068	6593
109	6594
473	6595
492	6596
1416	6597
240	6598
13	6599
126	6600
12	6601
1128	6602
1632	6603
1889	6604
1105	6605
1884	6606
1827	6607
817	6608
1408	6609
224	6610
830	6611
676	6612
141	6613
460	6614
461	6615
234	6616
908	6617
1397	6618
61	6619
599	6620
301	6621
656	6622
1039	6623
1430	6624
191	6625
502	6626
823	6627
311	6628
303	6629
252	6630
1655	6631
440	6632
1065	6633
1249	6634
262	6635
441	6636
814	6637
1164	6638
456	6639
438	6640
1002	6641
2608	6642
113	6643
548	6644
2650	6645
352	6646
2367	6647
1473	6648
1550	6649
435	6650
1477	6651
228	6652
678	6653
33	6654
286	6655
155	6656
283	6657
433	6658
831	6659
138	6660
18	6661
1888	6662
859	6663
1086	6664
141	6665
1071	6666
1457	6667
522	6668
318	6669
974	6670
2076	6671
1419	6672
1239	6673
957	6674
200	6675
1437	6676
1496	6677
306	6678
1436	6679
1339	6680
1464	6681
657	6682
2621	6683
500	6684
17	6685
456	6686
731	6687
1052	6688
1519	6689
718	6690
511	6691
670	6692
2654	6693
454	6694
2211	6695
443	6696
1035	6697
832	6698
197	6699
1529	6700
664	6701
1997	6702
406	6703
381	6704
142	6705
1342	6706
349	6707
602	6708
341	6709
1200	6710
129	6711
8	6712
1284	6713
6	6714
37	6715
6	6716
2157	6717
6	6718
424	6719
2540	6720
46	6721
22	6722
2393	6723
282	6724
1573	6725
311	6726
153	6727
1566	6728
2290	6729
744	6730
2328	6731
934	6732
876	6733
2419	6734
17	6735
2199	6736
89	6737
1365	6738
1083	6739
640	6740
1719	6741
79	6742
424	6743
488	6744
1605	6745
1064	6746
417	6747
661	6748
373	6749
806	6750
1282	6751
2012	6752
228	6753
648	6754
86	6755
405	6756
306	6757
708	6758
299	6759
525	6760
4	6761
607	6762
239	6763
51	6764
51	6765
109	6766
2112	6767
169	6768
569	6769
916	6770
198	6771
2394	6772
311	6773
2228	6774
2445	6775
828	6776
163	6777
287	6778
571	6779
71	6780
1098	6781
625	6782
75	6783
5	6784
5	6785
4	6786
100	6787
4	6788
123	6789
189	6790
280	6791
44	6792
1037	6793
61	6794
183	6795
2380	6796
611	6797
75	6798
344	6799
497	6800
297	6801
975	6802
2609	6803
1028	6804
181	6805
934	6806
107	6807
1445	6808
673	6809
202	6810
1410	6811
2645	6812
195	6813
2190	6814
2597	6815
1029	6816
2365	6817
703	6818
1059	6819
1418	6820
61	6821
659	6822
169	6823
247	6824
1680	6825
1298	6826
302	6827
1414	6828
1033	6829
662	6830
1859	6831
1128	6832
464	6833
97	6834
1107	6835
1868	6836
2075	6837
761	6838
2175	6839
1058	6840
486	6841
145	6842
947	6843
1158	6844
2736	6845
821	6846
1851	6847
1018	6848
689	6849
754	6850
2678	6851
1512	6852
2170	6853
1427	6854
1474	6855
1451	6856
1523	6857
491	6858
2086	6859
2512	6860
2646	6861
982	6862
521	6863
1510	6864
1515	6865
468	6866
1599	6867
2529	6868
386	6869
243	6870
1485	6871
998	6872
454	6873
24	6874
239	6875
294	6876
510	6877
518	6878
162	6879
241	6880
1044	6881
197	6882
510	6883
17	6884
569	6885
170	6886
1001	6887
495	6888
1454	6889
1007	6890
1502	6891
1486	6892
233	6893
255	6894
1404	6895
810	6896
2244	6897
722	6898
1	6899
2183	6900
1	6901
321	6902
101	6903
840	6904
325	6905
17	6906
66	6907
2696	6908
63	6909
281	6910
1498	6911
243	6912
865	6913
349	6914
480	6915
997	6916
461	6917
676	6918
354	6919
661	6920
508	6921
508	6922
389	6923
1483	6924
388	6925
304	6926
2625	6927
2746	6928
21	6929
2272	6930
932	6931
79	6932
266	6933
2398	6934
57	6935
807	6936
198	6937
1462	6938
198	6939
198	6940
1541	6941
20	6942
767	6943
143	6944
581	6945
11	6946
895	6947
57	6948
64	6949
64	6950
64	6951
808	6952
177	6953
1922	6954
2195	6955
1775	6956
18	6957
1541	6958
932	6959
2217	6960
248	6961
18	6962
125	6963
125	6964
2497	6965
31	6966
29	6967
63	6968
20	6969
37	6970
28	6971
11	6972
1772	6973
296	6974
46	6975
20	6976
1060	6977
2732	6978
19	6979
1996	6980
159	6981
84	6982
2459	6983
1863	6984
2528	6985
805	6986
1921	6987
2144	6988
2068	6989
1418	6990
1898	6991
1327	6992
2448	6993
1330	6994
1629	6995
1378	6996
1643	6997
2722	6998
49	6999
1033	7000
81	7001
1060	7002
91	7003
40	7004
265	7005
328	7006
224	7007
5	7008
269	7009
91	7010
1366	7011
64	7012
20	7013
135	7014
5	7015
5	7016
150	7017
842	7018
1	7019
104	7020
31	7021
1774	7022
147	7023
404	7024
2706	7025
8	7026
875	7027
735	7028
2309	7029
2221	7030
1669	7031
2340	7032
292	7033
242	7034
2439	7035
2320	7036
440	7037
1264	7038
1243	7039
915	7040
154	7041
689	7042
496	7043
337	7044
1531	7045
27	7046
817	7047
370	7048
292	7049
1431	7050
1482	7051
370	7052
95	7053
95	7054
1877	7055
2129	7056
2213	7057
2422	7058
843	7059
1495	7060
2681	7061
388	7062
2274	7063
602	7064
755	7065
1337	7066
18	7067
21	7068
279	7069
1825	7070
1989	7071
244	7072
236	7073
548	7074
254	7075
2432	7076
2178	7077
2019	7078
807	7079
2142	7080
789	7081
475	7082
497	7083
893	7084
197	7085
2010	7086
1498	7087
894	7088
1081	7089
2530	7090
1009	7091
1451	7092
1857	7093
1310	7094
139	7095
2659	7096
1124	7097
1175	7098
2709	7099
296	7100
2180	7101
597	7102
804	7103
493	7104
4	7105
110	7106
434	7107
324	7108
242	7109
242	7110
297	7111
486	7112
1100	7113
1359	7114
1305	7115
2263	7116
2326	7117
340	7118
1315	7119
2080	7120
1375	7121
693	7122
1424	7123
115	7124
52	7125
1530	7126
52	7127
514	7128
621	7129
692	7130
549	7131
43	7132
535	7133
815	7134
1402	7135
1672	7136
465	7137
1262	7138
1245	7139
1538	7140
129	7141
270	7142
2184	7143
112	7144
121	7145
50	7146
1271	7147
2389	7148
887	7149
735	7150
14	7151
2331	7152
1530	7153
1243	7154
350	7155
614	7156
228	7157
2236	7158
604	7159
155	7160
906	7161
2415	7162
556	7163
734	7164
2159	7165
368	7166
113	7167
174	7168
2242	7169
2371	7170
1399	7171
1220	7172
2755	7173
466	7174
311	7175
2378	7176
1995	7177
404	7178
886	7179
2410	7180
2716	7181
158	7182
92	7183
349	7184
174	7185
241	7186
711	7187
2548	7188
287	7189
430	7190
465	7191
1291	7192
607	7193
903	7194
2308	7195
302	7196
994	7197
61	7198
1018	7199
1026	7200
109	7201
686	7202
184	7203
1042	7204
2541	7205
242	7206
1441	7207
310	7208
1782	7209
1645	7210
1447	7211
455	7212
34	7213
380	7214
356	7215
1027	7216
234	7217
459	7218
1065	7219
2110	7220
927	7221
376	7222
203	7223
2065	7224
364	7225
395	7226
1309	7227
281	7228
1805	7229
584	7230
28	7231
856	7232
832	7233
1174	7234
1757	7235
1129	7236
1892	7237
4	7238
1681	7239
1104	7240
37	7241
900	7242
849	7243
434	7244
110	7245
66	7246
642	7247
411	7248
654	7249
1313	7250
150	7251
411	7252
411	7253
179	7254
203	7255
1260	7256
1057	7257
69	7258
284	7259
1	7260
1	7261
177	7262
139	7263
2197	7264
75	7265
24	7266
2203	7267
8	7268
1834	7269
1106	7270
484	7271
177	7272
2694	7273
19	7274
539	7275
900	7276
1813	7277
1752	7278
2105	7279
214	7280
1341	7281
16	7282
1178	7283
29	7284
376	7285
795	7286
11	7287
11	7288
845	7289
42	7290
45	7291
34	7292
45	7293
45	7294
1120	7295
8	7296
1572	7297
157	7298
54	7299
8	7300
801	7301
418	7302
13	7303
115	7304
482	7305
10	7306
211	7307
211	7308
10	7309
211	7310
13	7311
41	7312
24	7313
12	7314
1426	7315
49	7316
225	7317
114	7318
7	7319
7	7320
13	7321
31	7322
2332	7323
25	7324
132	7325
203	7326
88	7327
78	7328
448	7329
195	7330
195	7331
128	7332
1253	7333
90	7334
248	7335
8	7336
208	7337
225	7338
111	7339
18	7340
26	7341
20	7342
409	7343
107	7344
98	7345
83	7346
47	7347
66	7348
129	7349
68	7350
1034	7351
2356	7352
1520	7353
851	7354
991	7355
337	7356
847	7357
244	7358
1274	7359
2102	7360
1443	7361
1449	7362
2622	7363
648	7364
1075	7365
82	7366
250	7367
1846	7368
1053	7369
2636	7370
1204	7371
195	7372
969	7373
971	7374
377	7375
718	7376
703	7377
885	7378
202	7379
698	7380
993	7381
1237	7382
159	7383
6	7384
13	7385
119	7386
691	7387
96	7388
74	7389
1113	7390
190	7391
1058	7392
307	7393
622	7394
135	7395
284	7396
385	7397
1516	7398
2601	7399
664	7400
1455	7401
240	7402
1518	7403
2642	7404
2610	7405
1043	7406
307	7407
957	7408
1428	7409
688	7410
983	7411
1030	7412
667	7413
240	7414
240	7415
965	7416
304	7417
1063	7418
477	7419
1507	7420
388	7421
2634	7422
1518	7423
300	7424
236	7425
2458	7426
152	7427
2	7428
154	7429
1779	7430
1255	7431
373	7432
1404	7433
301	7434
2581	7435
2662	7436
1289	7437
671	7438
1122	7439
1383	7440
1021	7441
517	7442
9	7443
262	7444
815	7445
2362	7446
1	7447
8	7448
861	7449
50	7450
1843	7451
69	7452
199	7453
719	7454
522	7455
2438	7456
160	7457
1495	7458
985	7459
1467	7460
1403	7461
1497	7462
303	7463
692	7464
1028	7465
526	7466
524	7467
154	7468
1473	7469
2149	7470
717	7471
694	7472
2369	7473
201	7474
626	7475
509	7476
207	7477
251	7478
2127	7479
1003	7480
512	7481
326	7482
326	7483
188	7484
1020	7485
41	7486
567	7487
56	7488
490	7489
412	7490
311	7491
1192	7492
467	7493
405	7494
959	7495
1861	7496
809	7497
801	7498
188	7499
29	7500
1182	7501
21	7502
209	7503
78	7504
327	7505
467	7506
8	7507
1078	7508
646	7509
42	7510
42	7511
328	7512
1	7513
1022	7514
979	7515
677	7516
72	7517
1537	7518
2032	7519
2713	7520
2014	7521
59	7522
1565	7523
52	7524
816	7525
165	7526
210	7527
51	7528
13	7529
2450	7530
2418	7531
2566	7532
86	7533
895	7534
220	7535
1	7536
2473	7537
78	7538
55	7539
19	7540
19	7541
19	7542
19	7543
19	7544
225	7545
517	7546
378	7547
683	7548
59	7549
59	7550
1101	7551
1034	7552
1297	7553
3	7554
434	7555
55	7556
227	7557
161	7558
209	7559
52	7560
75	7561
2744	7562
180	7563
55	7564
180	7565
53	7566
12	7567
1002	7568
367	7569
61	7570
349	7571
2580	7572
568	7573
184	7574
636	7575
1381	7576
1500	7577
501	7578
637	7579
983	7580
353	7581
1486	7582
233	7583
145	7584
649	7585
234	7586
2585	7587
286	7588
458	7589
498	7590
341	7591
366	7592
810	7593
1046	7594
1004	7595
2182	7596
200	7597
303	7598
249	7599
1413	7600
454	7601
1	7602
661	7603
373	7604
2606	7605
427	7606
197	7607
659	7608
34	7609
649	7610
2698	7611
1065	7612
705	7613
634	7614
614	7615
455	7616
351	7617
154	7618
292	7619
2583	7620
508	7621
407	7622
22	7623
112	7624
1393	7625
532	7626
2702	7627
91	7628
2323	7629
1667	7630
2751	7631
317	7632
4	7633
1241	7634
184	7635
599	7636
1205	7637
819	7638
2267	7639
1272	7640
1567	7641
157	7642
1073	7643
483	7644
744	7645
2148	7646
772	7647
772	7648
105	7649
105	7650
102	7651
286	7652
626	7653
693	7654
693	7655
2557	7656
2172	7657
792	7658
631	7659
215	7660
182	7661
31	7662
1	7663
571	7664
11	7665
558	7666
451	7667
450	7668
132	7669
17	7670
18	7671
1	7672
83	7673
153	7674
528	7675
183	7676
183	7677
91	7678
248	7679
235	7680
620	7681
821	7682
613	7683
852	7684
320	7685
83	7686
1080	7687
1350	7688
539	7689
120	7690
539	7691
24	7692
26	7693
44	7694
108	7695
737	7696
6	7697
612	7698
30	7699
36	7700
1589	7701
12	7702
32	7703
849	7704
2430	7705
2277	7706
1885	7707
477	7708
273	7709
2156	7710
12	7711
873	7712
799	7713
867	7714
2048	7715
565	7716
13	7717
424	7718
135	7719
12	7720
460	7721
1256	7722
175	7723
44	7724
660	7725
1350	7726
2042	7727
1015	7728
1	7729
238	7730
8	7731
17	7732
44	7733
1479	7734
47	7735
61	7736
61	7737
61	7738
190	7739
190	7740
190	7741
190	7742
190	7743
119	7744
119	7745
727	7746
91	7747
1	7748
172	7749
105	7750
105	7751
13	7752
105	7753
11	7754
11	7755
14	7756
23	7757
10	7758
315	7759
11	7760
102	7761
223	7762
185	7763
432	7764
38	7765
38	7766
34	7767
90	7768
482	7769
144	7770
836	7771
1367	7772
15	7773
272	7774
111	7775
90	7776
221	7777
33	7778
16	7779
441	7780
8	7781
15	7782
2586	7783
243	7784
1041	7785
1229	7786
301	7787
690	7788
13	7789
228	7790
88	7791
981	7792
460	7793
86	7794
1633	7795
483	7796
1452	7797
367	7798
660	7799
128	7800
1	7801
123	7802
1337	7803
163	7804
549	7805
372	7806
2461	7807
21	7808
205	7809
2064	7810
1	7811
310	7812
30	7813
20	7814
166	7815
643	7816
62	7817
192	7818
736	7819
116	7820
407	7821
15	7822
1114	7823
13	7824
2	7825
2	7826
1783	7827
543	7828
543	7829
2047	7830
324	7831
276	7832
82	7833
13	7834
88	7835
13	7836
1077	7837
44	7838
251	7839
153	7840
349	7841
612	7842
522	7843
522	7844
237	7845
237	7846
397	7847
35	7848
38	7849
38	7850
38	7851
1183	7852
21	7853
67	7854
546	7855
13	7856
13	7857
239	7858
595	7859
175	7860
1227	7861
13	7862
626	7863
207	7864
171	7865
569	7866
242	7867
630	7868
530	7869
190	7870
142	7871
1250	7872
460	7873
37	7874
13	7875
13	7876
13	7877
13	7878
972	7879
13	7880
559	7881
207	7882
374	7883
688	7884
1547	7885
123	7886
1480	7887
1425	7888
1211	7889
1292	7890
1338	7891
13	7892
222	7893
2333	7894
591	7895
76	7896
68	7897
134	7898
20	7899
869	7900
818	7901
818	7902
33	7903
13	7904
29	7905
145	7906
2256	7907
1482	7908
386	7909
531	7910
1151	7911
321	7912
1644	7913
1849	7914
812	7915
50	7916
130	7917
164	7918
2478	7919
1090	7920
59	7921
537	7922
1933	7923
760	7924
161	7925
167	7926
111	7927
1912	7928
40	7929
67	7930
26	7931
256	7932
132	7933
2574	7934
436	7935
219	7936
93	7937
1973	7938
1187	7939
37	7940
192	7941
390	7942
7	7943
109	7944
536	7945
55	7946
28	7947
22	7948
63	7949
775	7950
2257	7951
846	7952
742	7953
60	7954
761	7955
179	7956
744	7957
37	7958
923	7959
23	7960
56	7961
413	7962
203	7963
23	7964
1358	7965
864	7966
101	7967
9	7968
103	7969
221	7970
45	7971
1151	7972
7	7973
864	7974
840	7975
13	7976
212	7977
131	7978
1286	7979
14	7980
426	7981
409	7982
44	7983
91	7984
41	7985
1362	7986
44	7987
44	7988
1073	7989
1320	7990
171	7991
1568	7992
385	7993
52	7994
6	7995
1181	7996
37	7997
566	7998
413	7999
5	8000
12	8001
4	8002
1170	8003
115	8004
4	8005
471	8006
4	8007
53	8008
2728	8009
108	8010
3	8011
631	8012
333	8013
1370	8014
238	8015
133	8016
361	8017
131	8018
98	8019
1788	8020
31	8021
98	8022
98	8023
98	8024
98	8025
1058	8026
31	8027
31	8028
603	8029
442	8030
184	8031
98	8032
615	8033
2547	8034
32	8035
33	8036
41	8037
41	8038
282	8039
206	8040
36	8041
271	8042
343	8043
929	8044
22	8045
2030	8046
1271	8047
1178	8048
72	8049
2057	8050
330	8051
258	8052
827	8053
609	8054
1072	8055
600	8056
9	8057
50	8058
9	8059
9	8060
8	8061
22	8062
79	8063
45	8064
1543	8065
333	8066
1987	8067
210	8068
59	8069
59	8070
346	8071
63	8072
511	8073
635	8074
1209	8075
876	8076
2687	8077
2276	8078
15	8079
1136	8080
1281	8081
2345	8082
2554	8083
172	8084
98	8085
1334	8086
37	8087
1152	8088
1335	8089
255	8090
143	8091
34	8092
86	8093
1	8094
1450	8095
790	8096
36	8097
856	8098
5	8099
50	8100
73	8101
853	8102
9	8103
44	8104
5	8105
121	8106
172	8107
44	8108
28	8109
166	8110
2	8111
27	8112
953	8113
186	8114
29	8115
11	8116
28	8117
745	8118
66	8119
66	8120
170	8121
1930	8122
327	8123
2613	8124
272	8125
2150	8126
103	8127
85	8128
1110	8129
1677	8130
9	8131
422	8132
172	8133
30	8134
8	8135
122	8136
6	8137
346	8138
567	8139
1855	8140
1856	8141
205	8142
1351	8143
799	8144
909	8145
112	8146
109	8147
414	8148
858	8149
2502	8150
1057	8151
1279	8152
1298	8153
393	8154
10	8155
109	8156
2742	8157
1334	8158
1	8159
110	8160
2167	8161
8	8162
30	8163
1	8164
1202	8165
164	8166
1626	8167
1956	8168
1871	8169
502	8170
496	8171
1611	8172
1117	8173
394	8174
109	8175
346	8176
294	8177
513	8178
724	8179
641	8180
7	8181
337	8182
8	8183
1	8184
6	8185
164	8186
164	8187
110	8188
2300	8189
41	8190
79	8191
71	8192
812	8193
776	8194
2729	8195
2342	8196
196	8197
1501	8198
44	8199
1	8200
71	8201
486	8202
321	8203
1389	8204
406	8205
406	8206
249	8207
455	8208
695	8209
481	8210
721	8211
1771	8212
1010	8213
7	8214
826	8215
1983	8216
157	8217
113	8218
305	8219
695	8220
142	8221
912	8222
430	8223
461	8224
354	8225
233	8226
492	8227
236	8228
237	8229
295	8230
7	8231
1760	8232
275	8233
1245	8234
1225	8235
664	8236
2587	8237
1322	8238
99	8239
107	8240
247	8241
235	8242
457	8243
1059	8244
1494	8245
1462	8246
453	8247
490	8248
520	8249
714	8250
2235	8251
980	8252
1033	8253
960	8254
375	8255
689	8256
497	8257
1432	8258
569	8259
365	8260
341	8261
1420	8262
685	8263
1751	8264
26	8265
142	8266
2176	8267
235	8268
1499	8269
829	8270
570	8271
225	8272
9	8273
176	8274
538	8275
273	8276
91	8277
101	8278
185	8279
1764	8280
1	8281
785	8282
1489	8283
597	8284
37	8285
412	8286
281	8287
252	8288
616	8289
1513	8290
785	8291
452	8292
36	8293
66	8294
20	8295
1940	8296
352	8297
2500	8298
293	8299
188	8300
886	8301
472	8302
153	8303
233	8304
80	8305
918	8306
1408	8307
51	8308
43	8309
156	8310
162	8311
351	8312
1006	8313
354	8314
356	8315
520	8316
654	8317
383	8318
378	8319
48	8320
1385	8321
2316	8322
155	8323
348	8324
2062	8325
806	8326
1174	8327
190	8328
687	8329
812	8330
674	8331
1469	8332
273	8333
374	8334
993	8335
285	8336
19	8337
555	8338
92	8339
181	8340
510	8341
19	8342
140	8343
140	8344
232	8345
335	8346
1539	8347
476	8348
465	8349
813	8350
1185	8351
246	8352
808	8353
1	8354
350	8355
1409	8356
10	8357
450	8358
243	8359
411	8360
735	8361
43	8362
34	8363
594	8364
73	8365
307	8366
21	8367
12	8368
894	8369
71	8370
1468	8371
14	8372
110	8373
13	8374
26	8375
123	8376
916	8377
33	8378
33	8379
280	8380
375	8381
2695	8382
2132	8383
54	8384
758	8385
427	8386
506	8387
961	8388
292	8389
95	8390
337	8391
226	8392
232	8393
1426	8394
446	8395
637	8396
1066	8397
75	8398
486	8399
489	8400
5	8401
43	8402
276	8403
43	8404
43	8405
2737	8406
998	8407
387	8408
700	8409
571	8410
47	8411
568	8412
1248	8413
2225	8414
914	8415
2542	8416
464	8417
2313	8418
910	8419
654	8420
84	8421
476	8422
2207	8423
663	8424
2526	8425
33	8426
1323	8427
328	8428
283	8429
781	8430
399	8431
2139	8432
685	8433
481	8434
246	8435
2088	8436
1078	8437
1442	8438
507	8439
1461	8440
1019	8441
974	8442
280	8443
233	8444
1038	8445
2079	8446
1139	8447
2721	8448
353	8449
200	8450
297	8451
1467	8452
1006	8453
160	8454
377	8455
2679	8456
501	8457
388	8458
2488	8459
942	8460
1383	8461
710	8462
2684	8463
648	8464
848	8465
885	8466
1256	8467
1434	8468
1904	8469
2682	8470
1040	8471
44	8472
301	8473
71	8474
456	8475
1045	8476
686	8477
384	8478
107	8479
184	8480
481	8481
828	8482
1012	8483
463	8484
371	8485
538	8486
2670	8487
2675	8488
286	8489
352	8490
1509	8491
451	8492
986	8493
453	8494
285	8495
443	8496
1	8497
1	8498
314	8499
228	8500
408	8501
174	8502
2318	8503
549	8504
257	8505
206	8506
10	8507
1944	8508
7	8509
67	8510
87	8511
505	8512
14	8513
14	8514
1254	8515
247	8516
666	8517
1092	8518
517	8519
670	8520
1664	8521
160	8522
738	8523
51	8524
1259	8525
123	8526
69	8527
1354	8528
703	8529
487	8530
315	8531
2095	8532
52	8533
814	8534
1160	8535
938	8536
372	8537
107	8538
683	8539
354	8540
127	8541
706	8542
84	8543
129	8544
544	8545
2464	8546
2205	8547
772	8548
443	8549
1525	8550
1163	8551
782	8552
540	8553
284	8554
430	8555
95	8556
844	8557
481	8558
2564	8559
1108	8560
398	8561
2647	8562
2301	8563
2402	8564
532	8565
1194	8566
505	8567
140	8568
226	8569
1345	8570
905	8571
632	8572
2668	8573
1480	8574
1144	8575
2515	8576
95	8577
2023	8578
1356	8579
1154	8580
2298	8581
370	8582
1773	8583
435	8584
443	8585
823	8586
159	8587
425	8588
1400	8589
2683	8590
195	8591
1011	8592
1519	8593
1522	8594
444	8595
1088	8596
613	8597
1387	8598
170	8599
1523	8600
163	8601
1515	8602
2677	8603
309	8604
354	8605
352	8606
1035	8607
485	8608
42	8609
260	8610
301	8611
31	8612
430	8613
690	8614
365	8615
506	8616
201	8617
174	8618
213	8619
217	8620
502	8621
1478	8622
316	8623
141	8624
955	8625
704	8626
681	8627
162	8628
207	8629
1387	8630
181	8631
490	8632
981	8633
191	8634
228	8635
240	8636
245	8637
300	8638
1009	8639
716	8640
1507	8641
217	8642
365	8643
1454	8644
250	8645
1	8646
565	8647
424	8648
1445	8649
905	8650
194	8651
1167	8652
264	8653
224	8654
73	8655
29	8656
2223	8657
284	8658
165	8659
181	8660
464	8661
1471	8662
284	8663
1002	8664
165	8665
607	8666
934	8667
278	8668
34	8669
701	8670
209	8671
179	8672
435	8673
1	8674
863	8675
227	8676
509	8677
969	8678
454	8679
971	8680
1027	8681
1481	8682
1485	8683
234	8684
1043	8685
382	8686
375	8687
1444	8688
1533	8689
860	8690
337	8691
734	8692
142	8693
2249	8694
237	8695
287	8696
704	8697
506	8698
376	8699
462	8700
40	8701
473	8702
236	8703
234	8704
463	8705
236	8706
83	8707
29	8708
1336	8709
29	8710
1075	8711
502	8712
310	8713
1384	8714
969	8715
1313	8716
796	8717
633	8718
1013	8719
273	8720
1217	8721
1	8722
988	8723
626	8724
458	8725
145	8726
348	8727
1106	8728
134	8729
1345	8730
1001	8731
700	8732
987	8733
197	8734
226	8735
45	8736
2040	8737
1	8738
677	8739
800	8740
1192	8741
915	8742
2748	8743
1048	8744
676	8745
880	8746
1292	8747
2629	8748
1448	8749
2623	8750
1522	8751
356	8752
910	8753
1046	8754
286	8755
1318	8756
237	8757
534	8758
572	8759
236	8760
943	8761
1336	8762
530	8763
1263	8764
495	8765
13	8766
993	8767
997	8768
1351	8769
355	8770
534	8771
350	8772
287	8773
351	8774
2627	8775
19	8776
209	8777
930	8778
451	8779
532	8780
498	8781
144	8782
5	8783
2406	8784
456	8785
80	8786
95	8787
987	8788
79	8789
2614	8790
417	8791
141	8792
915	8793
458	8794
456	8795
746	8796
2053	8797
1204	8798
366	8799
217	8800
800	8801
2141	8802
998	8803
2208	8804
1238	8805
2229	8806
1341	8807
819	8808
1324	8809
129	8810
342	8811
389	8812
1821	8813
2066	8814
5	8815
1125	8816
705	8817
1037	8818
12	8819
906	8820
263	8821
418	8822
367	8823
1215	8824
1190	8825
208	8826
20	8827
20	8828
22	8829
398	8830
61	8831
78	8832
1196	8833
33	8834
97	8835
1332	8836
52	8837
29	8838
41	8839
777	8840
414	8841
1096	8842
343	8843
1096	8844
217	8845
1457	8846
533	8847
47	8848
688	8849
47	8850
1	8851
1	8852
5	8853
40	8854
6	8855
1307	8856
112	8857
220	8858
20	8859
186	8860
643	8861
852	8862
37	8863
176	8864
61	8865
4	8866
2330	8867
1195	8868
13	8869
1828	8870
757	8871
564	8872
1286	8873
19	8874
9	8875
1357	8876
1926	8877
2104	8878
65	8879
344	8880
20	8881
149	8882
446	8883
1109	8884
1363	8885
2108	8886
495	8887
2006	8888
2238	8889
2	8890
1218	8891
14	8892
10	8893
12	8894
1197	8895
245	8896
941	8897
164	8898
261	8899
791	8900
253	8901
102	8902
758	8903
2545	8904
2193	8905
30	8906
966	8907
545	8908
545	8909
1791	8910
854	8911
854	8912
2567	8913
339	8914
251	8915
251	8916
538	8917
173	8918
633	8919
940	8920
13	8921
87	8922
14	8923
93	8924
1394	8925
15	8926
2327	8927
474	8928
10	8929
93	8930
1542	8931
13	8932
976	8933
976	8934
13	8935
13	8936
268	8937
13	8938
1	8939
834	8940
834	8941
534	8942
1552	8943
405	8944
2417	8945
665	8946
1207	8947
1899	8948
1749	8949
15	8950
628	8951
2349	8952
609	8953
1367	8954
960	8955
146	8956
1312	8957
35	8958
35	8959
701	8960
110	8961
635	8962
57	8963
586	8964
1270	8965
182	8966
482	8967
1321	8968
206	8969
262	8970
262	8971
144	8972
1545	8973
1867	8974
804	8975
380	8976
712	8977
656	8978
656	8979
2133	8980
156	8981
2	8982
44	8983
44	8984
765	8985
343	8986
45	8987
7	8988
2553	8989
2568	8990
1440	8991
1424	8992
44	8993
1302	8994
1302	8995
409	8996
169	8997
44	8998
44	8999
44	9000
1182	9001
1101	9002
2607	9003
1094	9004
44	9005
64	9006
46	9007
53	9008
26	9009
2324	9010
44	9011
949	9012
44	9013
431	9014
16	9015
1562	9016
133	9017
69	9018
158	9019
53	9020
262	9021
369	9022
2644	9023
1066	9024
378	9025
53	9026
310	9027
734	9028
364	9029
43	9030
1390	9031
656	9032
591	9033
71	9034
2292	9035
410	9036
410	9037
410	9038
1458	9039
1878	9040
1082	9041
680	9042
698	9043
380	9044
590	9045
247	9046
50	9047
665	9048
281	9049
895	9050
71	9051
619	9052
1441	9053
2560	9054
515	9055
515	9056
515	9057
2520	9058
340	9059
191	9060
33	9061
191	9062
191	9063
33	9064
33	9065
33	9066
33	9067
702	9068
113	9069
113	9070
89	9071
1969	9072
795	9073
9	9074
2	9075
149	9076
55	9077
2097	9078
521	9079
21	9080
83	9081
1838	9082
334	9083
2185	9084
888	9085
439	9086
28	9087
570	9088
570	9089
284	9090
29	9091
2015	9092
25	9093
75	9094
1368	9095
708	9096
708	9097
12	9098
12	9099
291	9100
291	9101
291	9102
491	9103
657	9104
291	9105
123	9106
1228	9107
2409	9108
194	9109
2396	9110
2125	9111
232	9112
232	9113
580	9114
1941	9115
572	9116
1427	9117
4	9118
100	9119
29	9120
92	9121
164	9122
4	9123
577	9124
4	9125
2001	9126
627	9127
2	9128
1544	9129
4	9130
144	9131
10	9132
4	9133
124	9134
202	9135
10	9136
505	9137
333	9138
119	9139
767	9140
809	9141
103	9142
252	9143
252	9144
762	9145
729	9146
2379	9147
1025	9148
541	9149
541	9150
25	9151
2083	9152
580	9153
1648	9154
1267	9155
678	9156
40	9157
40	9158
522	9159
1678	9160
754	9161
35	9162
11	9163
11	9164
11	9165
38	9166
266	9167
118	9168
86	9169
289	9170
188	9171
378	9172
2126	9173
108	9174
4	9175
1265	9176
27	9177
57	9178
71	9179
230	9180
629	9181
51	9182
8	9183
19	9184
1769	9185
92	9186
891	9187
613	9188
1753	9189
1189	9190
397	9191
71	9192
1090	9193
727	9194
1110	9195
327	9196
1017	9197
467	9198
382	9199
242	9200
697	9201
697	9202
697	9203
697	9204
416	9205
71	9206
244	9207
679	9208
12	9209
266	9210
529	9211
694	9212
1945	9213
1829	9214
556	9215
556	9216
1104	9217
691	9218
453	9219
1671	9220
7	9221
15	9222
1630	9223
1228	9224
297	9225
2000	9226
2018	9227
1790	9228
1145	9229
1021	9230
11	9231
63	9232
57	9233
106	9234
161	9235
357	9236
161	9237
36	9238
32	9239
17	9240
269	9241
138	9242
2038	9243
9	9244
26	9245
313	9246
8	9247
30	9248
24	9249
25	9250
87	9251
26	9252
8	9253
706	9254
25	9255
56	9256
340	9257
6	9258
871	9259
494	9260
36	9261
125	9262
5	9263
15	9264
199	9265
301	9266
885	9267
26	9268
125	9269
81	9270
151	9271
26	9272
101	9273
102	9274
62	9275
898	9276
1854	9277
20	9278
937	9279
212	9280
212	9281
2069	9282
588	9283
588	9284
1533	9285
491	9286
1049	9287
501	9288
466	9289
10	9290
12	9291
791	9292
757	9293
220	9294
100	9295
1234	9296
2305	9297
2626	9298
647	9299
56	9300
92	9301
1260	9302
7	9303
1546	9304
530	9305
2090	9306
1934	9307
1226	9308
2428	9309
2466	9310
2143	9311
1908	9312
2073	9313
1624	9314
1086	9315
1602	9316
2498	9317
2483	9318
2265	9319
397	9320
276	9321
1658	9322
186	9323
2303	9324
2	9325
2	9326
480	9327
783	9328
1993	9329
139	9330
163	9331
48	9332
727	9333
1425	9334
2753	9335
1874	9336
343	9337
740	9338
14	9339
578	9340
578	9341
1792	9342
1683	9343
728	9344
1403	9345
15	9346
15	9347
271	9348
53	9349
167	9350
28	9351
37	9352
37	9353
176	9354
21	9355
2666	9356
216	9357
449	9358
449	9359
36	9360
36	9361
173	9362
19	9363
570	9364
78	9365
939	9366
939	9367
68	9368
36	9369
73	9370
103	9371
290	9372
36	9373
15	9374
2700	9375
575	9376
167	9377
1098	9378
1392	9379
874	9380
477	9381
323	9382
16	9383
1500	9384
1031	9385
25	9386
16	9387
76	9388
4	9389
266	9390
503	9391
330	9392
8	9393
30	9394
19	9395
1344	9396
36	9397
12	9398
143	9399
35	9400
1131	9401
14	9402
760	9403
269	9404
255	9405
606	9406
87	9407
4	9408
55	9409
34	9410
2312	9411
535	9412
84	9413
321	9414
1289	9415
1236	9416
26	9417
1860	9418
750	9419
191	9420
33	9421
191	9422
36	9423
31	9424
764	9425
360	9426
88	9427
884	9428
1279	9429
913	9430
67	9431
234	9432
234	9433
12	9434
12	9435
12	9436
2420	9437
2600	9438
12	9439
12	9440
273	9441
273	9442
160	9443
457	9444
160	9445
382	9446
457	9447
101	9448
102	9449
12	9450
1013	9451
823	9452
2590	9453
973	9454
631	9455
1429	9456
711	9457
1994	9458
668	9459
766	9460
2707	9461
2376	9462
1674	9463
88	9464
893	9465
1	9466
1	9467
740	9468
2	9469
1830	9470
2446	9471
196	9472
1300	9473
142	9474
1475	9475
2161	9476
1095	9477
1095	9478
1925	9479
2480	9480
283	9481
12	9482
663	9483
2456	9484
480	9485
1029	9486
2021	9487
764	9488
2708	9489
523	9490
523	9491
523	9492
206	9493
986	9494
1406	9495
2072	9496
1126	9497
179	9498
523	9499
18	9500
149	9501
1560	9502
598	9503
544	9504
207	9505
207	9506
852	9507
2471	9508
787	9509
1770	9510
183	9511
1521	9512
4	9513
187	9514
1376	9515
1958	9516
84	9517
84	9518
2	9519
2441	9520
32	9521
38	9522
263	9523
11	9524
27	9525
2	9526
832	9527
961	9528
17	9529
392	9530
859	9531
794	9532
1152	9533
6	9534
30	9535
8	9536
177	9537
9	9538
330	9539
16	9540
8	9541
872	9542
1312	9543
407	9544
737	9545
565	9546
1014	9547
480	9548
525	9549
963	9550
134	9551
175	9552
713	9553
308	9554
715	9555
979	9556
847	9557
846	9558
989	9559
459	9560
353	9561
1355	9562
2009	9563
295	9564
661	9565
562	9566
982	9567
1490	9568
663	9569
975	9570
489	9571
911	9572
686	9573
79	9574
962	9575
2452	9576
682	9577
2667	9578
507	9579
2612	9580
389	9581
1400	9582
674	9583
637	9584
679	9585
508	9586
848	9587
129	9588
521	9589
670	9590
1497	9591
2397	9592
251	9593
662	9594
492	9595
195	9596
463	9597
200	9598
728	9599
1158	9600
668	9601
80	9602
137	9603
2434	9604
2280	9605
2188	9606
248	9607
2260	9608
590	9609
634	9610
1487	9611
779	9612
208	9613
929	9614
557	9615
612	9616
1346	9617
941	9618
1555	9619
2532	9620
1361	9621
1991	9622
537	9623
428	9624
291	9625
620	9626
666	9627
336	9628
85	9629
171	9630
138	9631
299	9632
380	9633
1974	9634
2447	9635
1960	9636
2514	9637
205	9638
173	9639
171	9640
16	9641
733	9642
260	9643
239	9644
681	9645
17	9646
949	9647
260	9648
725	9649
261	9650
340	9651
636	9652
935	9653
2351	9654
165	9655
75	9656
25	9657
2752	9658
1069	9659
207	9660
470	9661
2570	9662
142	9663
163	9664
712	9665
33	9666
366	9667
317	9668
160	9669
2750	9670
2074	9671
1150	9672
1050	9673
124	9674
1784	9675
1172	9676
2472	9677
342	9678
124	9679
808	9680
482	9681
80	9682
2517	9683
189	9684
20	9685
1191	9686
134	9687
6	9688
1979	9689
733	9690
68	9691
1353	9692
753	9693
214	9694
383	9695
2758	9696
69	9697
13	9698
257	9699
1952	9700
9	9701
29	9702
9	9703
133	9704
1903	9705
811	9706
1180	9707
90	9708
290	9709
473	9710
21	9711
79	9712
553	9713
605	9714
2215	9715
796	9716
72	9717
1961	9718
615	9719
1261	9720
818	9721
561	9722
76	9723
1141	9724
83	9725
499	9726
1054	9727
922	9728
2344	9729
767	9730
778	9731
1157	9732
2059	9733
2522	9734
391	9735
1087	9736
776	9737
75	9738
252	9739
300	9740
308	9741
96	9742
71	9743
149	9744
6	9745
1565	9746
6	9747
771	9748
74	9749
58	9750
1380	9751
1	9752
1179	9753
79	9754
620	9755
398	9756
149	9757
437	9758
88	9759
76	9760
290	9761
2503	9762
13	9763
45	9764
45	9765
1638	9766
730	9767
564	9768
574	9769
544	9770
60	9771
183	9772
2725	9773
13	9774
13	9775
1985	9776
1745	9777
261	9778
1656	9779
788	9780
730	9781
53	9782
431	9783
375	9784
13	9785
146	9786
127	9787
75	9788
755	9789
364	9790
587	9791
1988	9792
471	9793
77	9794
126	9795
30	9796
448	9797
1283	9798
1240	9799
101	9800
9	9801
77	9802
3	9803
1571	9804
30	9805
101	9806
913	9807
2602	9808
1492	9809
122	9810
347	9811
258	9812
562	9813
558	9814
25	9815
222	9816
2556	9817
36	9818
738	9819
6	9820
135	9821
3	9822
725	9823
1528	9824
401	9825
180	9826
226	9827
1976	9828
71	9829
336	9830
719	9831
1155	9832
71	9833
62	9834
84	9835
139	9836
60	9837
699	9838
587	9839
1563	9840
1968	9841
13	9842
1041	9843
716	9844
238	9845
2552	9846
34	9847
58	9848
47	9849
448	9850
687	9851
574	9852
324	9853
360	9854
188	9855
151	9856
802	9857
1684	9858
153	9859
999	9860
3	9861
315	9862
2	9863
1373	9864
9	9865
878	9866
1494	9867
499	9868
2100	9869
32	9870
1177	9871
1148	9872
209	9873
36	9874
12	9875
222	9876
36	9877
858	9878
1634	9879
524	9880
2672	9881
295	9882
303	9883
1049	9884
1516	9885
1237	9886
555	9887
910	9888
33	9889
980	9890
217	9891
568	9892
996	9893
69	9894
737	9895
207	9896
1660	9897
1215	9898
776	9899
737	9900
32	9901
21	9902
13	9903
218	9904
373	9905
347	9906
719	9907
1258	9908
2538	9909
1748	9910
229	9911
125	9912
1134	9913
1143	9914
104	9915
5	9916
135	9917
2	9918
1510	9919
528	9920
1025	9921
62	9922
468	9923
1252	9924
20	9925
1	9926
9	9927
154	9928
555	9929
527	9930
844	9931
811	9932
9	9933
313	9934
332	9935
413	9936
334	9937
201	9938
68	9939
80	9940
357	9941
1438	9942
1438	9943
1420	9944
153	9945
1	9946
1	9947
1	9948
1165	9949
785	9950
1126	9951
43	9952
15	9953
15	9954
857	9955
417	9956
21	9957
99	9958
629	9959
603	9960
132	9961
855	9962
855	9963
13	9964
13	9965
269	9966
439	9967
617	9968
475	9969
102	9970
68	9971
312	9972
65	9973
220	9974
274	9975
836	9976
152	9977
40	9978
58	9979
433	9980
331	9981
383	9982
1649	9983
675	9984
2463	9985
465	9986
1862	9987
257	9988
636	9989
365	9990
225	9991
686	9992
907	9993
907	9994
209	9995
714	9996
1421	9997
587	9998
956	9999
330	10000
